Game,Opponent,PlayerA_Score,PlayerB_Score,Cumulative_Score,CCs,DDs,Winner
0,QLearningPlayer,300,50,350,0,50,Player A
1,QLearningPlayer,300,50,350,0,50,Player A
2,QLearningPlayer,268,58,326,0,58,Player A
3,QLearningPlayer,304,49,353,0,49,Player A
4,QLearningPlayer,260,60,320,0,60,Player A
5,QLearningPlayer,304,49,353,0,49,Player A
6,QLearningPlayer,288,53,341,0,53,Player A
7,QLearningPlayer,296,51,347,0,51,Player A
8,QLearningPlayer,332,42,374,0,42,Player A
9,QLearningPlayer,328,43,371,0,43,Player A
10,QLearningPlayer,296,51,347,0,51,Player A
11,QLearningPlayer,344,39,383,0,39,Player A
12,QLearningPlayer,320,45,365,0,45,Player A
13,QLearningPlayer,348,38,386,0,38,Player A
14,QLearningPlayer,248,63,311,0,63,Player A
15,QLearningPlayer,300,50,350,0,50,Player A
16,QLearningPlayer,308,48,356,0,48,Player A
17,QLearningPlayer,284,54,338,0,54,Player A
18,QLearningPlayer,304,49,353,0,49,Player A
19,QLearningPlayer,304,49,353,0,49,Player A
20,QLearningPlayer,308,48,356,0,48,Player A
21,QLearningPlayer,316,46,362,0,46,Player A
22,QLearningPlayer,300,50,350,0,50,Player A
23,QLearningPlayer,320,45,365,0,45,Player A
24,QLearningPlayer,268,58,326,0,58,Player A
25,QLearningPlayer,320,45,365,0,45,Player A
26,QLearningPlayer,304,49,353,0,49,Player A
27,QLearningPlayer,284,54,338,0,54,Player A
28,QLearningPlayer,320,45,365,0,45,Player A
29,QLearningPlayer,336,41,377,0,41,Player A
30,QLearningPlayer,324,44,368,0,44,Player A
31,QLearningPlayer,304,49,353,0,49,Player A
32,QLearningPlayer,276,56,332,0,56,Player A
33,QLearningPlayer,288,53,341,0,53,Player A
34,QLearningPlayer,276,56,332,0,56,Player A
35,QLearningPlayer,284,54,338,0,54,Player A
36,QLearningPlayer,272,57,329,0,57,Player A
37,QLearningPlayer,264,59,323,0,59,Player A
38,QLearningPlayer,288,53,341,0,53,Player A
39,QLearningPlayer,364,34,398,0,34,Player A
40,QLearningPlayer,304,49,353,0,49,Player A
41,QLearningPlayer,304,49,353,0,49,Player A
42,QLearningPlayer,296,51,347,0,51,Player A
43,QLearningPlayer,300,50,350,0,50,Player A
44,QLearningPlayer,300,50,350,0,50,Player A
45,QLearningPlayer,352,37,389,0,37,Player A
46,QLearningPlayer,336,41,377,0,41,Player A
47,QLearningPlayer,332,42,374,0,42,Player A
48,QLearningPlayer,308,48,356,0,48,Player A
49,QLearningPlayer,308,48,356,0,48,Player A
50,QLearningPlayer,272,57,329,0,57,Player A
51,QLearningPlayer,316,46,362,0,46,Player A
52,QLearningPlayer,272,57,329,0,57,Player A
53,QLearningPlayer,284,54,338,0,54,Player A
54,QLearningPlayer,340,40,380,0,40,Player A
55,QLearningPlayer,316,46,362,0,46,Player A
56,QLearningPlayer,304,49,353,0,49,Player A
57,QLearningPlayer,304,49,353,0,49,Player A
58,QLearningPlayer,308,48,356,0,48,Player A
59,QLearningPlayer,304,49,353,0,49,Player A
60,QLearningPlayer,336,41,377,0,41,Player A
61,QLearningPlayer,296,51,347,0,51,Player A
62,QLearningPlayer,280,55,335,0,55,Player A
63,QLearningPlayer,256,61,317,0,61,Player A
64,QLearningPlayer,288,53,341,0,53,Player A
65,QLearningPlayer,304,49,353,0,49,Player A
66,QLearningPlayer,316,46,362,0,46,Player A
67,QLearningPlayer,308,48,356,0,48,Player A
68,QLearningPlayer,300,50,350,0,50,Player A
69,QLearningPlayer,316,46,362,0,46,Player A
70,QLearningPlayer,304,49,353,0,49,Player A
71,QLearningPlayer,272,57,329,0,57,Player A
72,QLearningPlayer,288,53,341,0,53,Player A
73,QLearningPlayer,272,57,329,0,57,Player A
74,QLearningPlayer,316,46,362,0,46,Player A
75,QLearningPlayer,276,56,332,0,56,Player A
76,QLearningPlayer,324,44,368,0,44,Player A
77,QLearningPlayer,312,47,359,0,47,Player A
78,QLearningPlayer,280,55,335,0,55,Player A
79,QLearningPlayer,308,48,356,0,48,Player A
80,QLearningPlayer,308,48,356,0,48,Player A
81,QLearningPlayer,312,47,359,0,47,Player A
82,QLearningPlayer,288,53,341,0,53,Player A
83,QLearningPlayer,288,53,341,0,53,Player A
84,QLearningPlayer,300,50,350,0,50,Player A
85,QLearningPlayer,316,46,362,0,46,Player A
86,QLearningPlayer,292,52,344,0,52,Player A
87,QLearningPlayer,292,52,344,0,52,Player A
88,QLearningPlayer,284,54,338,0,54,Player A
89,QLearningPlayer,304,49,353,0,49,Player A
90,QLearningPlayer,252,62,314,0,62,Player A
91,QLearningPlayer,288,53,341,0,53,Player A
92,QLearningPlayer,296,51,347,0,51,Player A
93,QLearningPlayer,316,46,362,0,46,Player A
94,QLearningPlayer,316,46,362,0,46,Player A
95,QLearningPlayer,332,42,374,0,42,Player A
96,QLearningPlayer,304,49,353,0,49,Player A
97,QLearningPlayer,320,45,365,0,45,Player A
98,QLearningPlayer,324,44,368,0,44,Player A
99,QLearningPlayer,304,49,353,0,49,Player A
100,QLearningPlayer,332,42,374,0,42,Player A
101,QLearningPlayer,284,54,338,0,54,Player A
102,QLearningPlayer,256,61,317,0,61,Player A
103,QLearningPlayer,336,41,377,0,41,Player A
104,QLearningPlayer,312,47,359,0,47,Player A
105,QLearningPlayer,316,46,362,0,46,Player A
106,QLearningPlayer,284,54,338,0,54,Player A
107,QLearningPlayer,316,46,362,0,46,Player A
108,QLearningPlayer,280,55,335,0,55,Player A
109,QLearningPlayer,308,48,356,0,48,Player A
110,QLearningPlayer,316,46,362,0,46,Player A
111,QLearningPlayer,332,42,374,0,42,Player A
112,QLearningPlayer,304,49,353,0,49,Player A
113,QLearningPlayer,308,48,356,0,48,Player A
114,QLearningPlayer,284,54,338,0,54,Player A
115,QLearningPlayer,304,49,353,0,49,Player A
116,QLearningPlayer,292,52,344,0,52,Player A
117,QLearningPlayer,300,50,350,0,50,Player A
118,QLearningPlayer,284,54,338,0,54,Player A
119,QLearningPlayer,268,58,326,0,58,Player A
120,QLearningPlayer,340,40,380,0,40,Player A
121,QLearningPlayer,336,41,377,0,41,Player A
122,QLearningPlayer,280,55,335,0,55,Player A
123,QLearningPlayer,284,54,338,0,54,Player A
124,QLearningPlayer,300,50,350,0,50,Player A
125,QLearningPlayer,308,48,356,0,48,Player A
126,QLearningPlayer,320,45,365,0,45,Player A
127,QLearningPlayer,320,45,365,0,45,Player A
128,QLearningPlayer,312,47,359,0,47,Player A
129,QLearningPlayer,300,50,350,0,50,Player A
130,QLearningPlayer,272,57,329,0,57,Player A
131,QLearningPlayer,288,53,341,0,53,Player A
132,QLearningPlayer,264,59,323,0,59,Player A
133,QLearningPlayer,296,51,347,0,51,Player A
134,QLearningPlayer,268,58,326,0,58,Player A
135,QLearningPlayer,288,53,341,0,53,Player A
136,QLearningPlayer,316,46,362,0,46,Player A
137,QLearningPlayer,288,53,341,0,53,Player A
138,QLearningPlayer,320,45,365,0,45,Player A
139,QLearningPlayer,328,43,371,0,43,Player A
140,QLearningPlayer,300,50,350,0,50,Player A
141,QLearningPlayer,288,53,341,0,53,Player A
142,QLearningPlayer,316,46,362,0,46,Player A
143,QLearningPlayer,316,46,362,0,46,Player A
144,QLearningPlayer,284,54,338,0,54,Player A
145,QLearningPlayer,316,46,362,0,46,Player A
146,QLearningPlayer,292,52,344,0,52,Player A
147,QLearningPlayer,300,50,350,0,50,Player A
148,QLearningPlayer,304,49,353,0,49,Player A
149,QLearningPlayer,296,51,347,0,51,Player A
150,QLearningPlayer,284,54,338,0,54,Player A
151,QLearningPlayer,332,42,374,0,42,Player A
152,QLearningPlayer,300,50,350,0,50,Player A
153,QLearningPlayer,292,52,344,0,52,Player A
154,QLearningPlayer,312,47,359,0,47,Player A
155,QLearningPlayer,288,53,341,0,53,Player A
156,QLearningPlayer,300,50,350,0,50,Player A
157,QLearningPlayer,288,53,341,0,53,Player A
158,QLearningPlayer,264,59,323,0,59,Player A
159,QLearningPlayer,276,56,332,0,56,Player A
160,QLearningPlayer,288,53,341,0,53,Player A
161,QLearningPlayer,284,54,338,0,54,Player A
162,QLearningPlayer,296,51,347,0,51,Player A
163,QLearningPlayer,312,47,359,0,47,Player A
164,QLearningPlayer,300,50,350,0,50,Player A
165,QLearningPlayer,304,49,353,0,49,Player A
166,QLearningPlayer,280,55,335,0,55,Player A
167,QLearningPlayer,304,49,353,0,49,Player A
168,QLearningPlayer,320,45,365,0,45,Player A
169,QLearningPlayer,312,47,359,0,47,Player A
170,QLearningPlayer,308,48,356,0,48,Player A
171,QLearningPlayer,292,52,344,0,52,Player A
172,QLearningPlayer,316,46,362,0,46,Player A
173,QLearningPlayer,304,49,353,0,49,Player A
174,QLearningPlayer,320,45,365,0,45,Player A
175,QLearningPlayer,352,37,389,0,37,Player A
176,QLearningPlayer,332,42,374,0,42,Player A
177,QLearningPlayer,332,42,374,0,42,Player A
178,QLearningPlayer,268,58,326,0,58,Player A
179,QLearningPlayer,300,50,350,0,50,Player A
180,QLearningPlayer,328,43,371,0,43,Player A
181,QLearningPlayer,296,51,347,0,51,Player A
182,QLearningPlayer,304,49,353,0,49,Player A
183,QLearningPlayer,336,41,377,0,41,Player A
184,QLearningPlayer,320,45,365,0,45,Player A
185,QLearningPlayer,308,48,356,0,48,Player A
186,QLearningPlayer,320,45,365,0,45,Player A
187,QLearningPlayer,272,57,329,0,57,Player A
188,QLearningPlayer,292,52,344,0,52,Player A
189,QLearningPlayer,292,52,344,0,52,Player A
190,QLearningPlayer,300,50,350,0,50,Player A
191,QLearningPlayer,304,49,353,0,49,Player A
192,QLearningPlayer,296,51,347,0,51,Player A
193,QLearningPlayer,344,39,383,0,39,Player A
194,QLearningPlayer,300,50,350,0,50,Player A
195,QLearningPlayer,320,45,365,0,45,Player A
196,QLearningPlayer,244,64,308,0,64,Player A
197,QLearningPlayer,300,50,350,0,50,Player A
198,QLearningPlayer,280,55,335,0,55,Player A
199,QLearningPlayer,324,44,368,0,44,Player A
200,QLearningPlayer,308,48,356,0,48,Player A
201,QLearningPlayer,264,59,323,0,59,Player A
202,QLearningPlayer,308,48,356,0,48,Player A
203,QLearningPlayer,300,50,350,0,50,Player A
204,QLearningPlayer,276,56,332,0,56,Player A
205,QLearningPlayer,332,42,374,0,42,Player A
206,QLearningPlayer,284,54,338,0,54,Player A
207,QLearningPlayer,316,46,362,0,46,Player A
208,QLearningPlayer,280,55,335,0,55,Player A
209,QLearningPlayer,316,46,362,0,46,Player A
210,QLearningPlayer,300,50,350,0,50,Player A
211,QLearningPlayer,312,47,359,0,47,Player A
212,QLearningPlayer,276,56,332,0,56,Player A
213,QLearningPlayer,292,52,344,0,52,Player A
214,QLearningPlayer,312,47,359,0,47,Player A
215,QLearningPlayer,300,50,350,0,50,Player A
216,QLearningPlayer,284,54,338,0,54,Player A
217,QLearningPlayer,300,50,350,0,50,Player A
218,QLearningPlayer,284,54,338,0,54,Player A
219,QLearningPlayer,300,50,350,0,50,Player A
220,QLearningPlayer,312,47,359,0,47,Player A
221,QLearningPlayer,312,47,359,0,47,Player A
222,QLearningPlayer,272,57,329,0,57,Player A
223,QLearningPlayer,316,46,362,0,46,Player A
224,QLearningPlayer,312,47,359,0,47,Player A
225,QLearningPlayer,296,51,347,0,51,Player A
226,QLearningPlayer,312,47,359,0,47,Player A
227,QLearningPlayer,312,47,359,0,47,Player A
228,QLearningPlayer,300,50,350,0,50,Player A
229,QLearningPlayer,284,54,338,0,54,Player A
230,QLearningPlayer,280,55,335,0,55,Player A
231,QLearningPlayer,292,52,344,0,52,Player A
232,QLearningPlayer,288,53,341,0,53,Player A
233,QLearningPlayer,332,42,374,0,42,Player A
234,QLearningPlayer,320,45,365,0,45,Player A
235,QLearningPlayer,288,53,341,0,53,Player A
236,QLearningPlayer,276,56,332,0,56,Player A
237,QLearningPlayer,308,48,356,0,48,Player A
238,QLearningPlayer,304,49,353,0,49,Player A
239,QLearningPlayer,332,42,374,0,42,Player A
240,QLearningPlayer,336,41,377,0,41,Player A
241,QLearningPlayer,312,47,359,0,47,Player A
242,QLearningPlayer,284,54,338,0,54,Player A
243,QLearningPlayer,316,46,362,0,46,Player A
244,QLearningPlayer,300,50,350,0,50,Player A
245,QLearningPlayer,272,57,329,0,57,Player A
246,QLearningPlayer,292,52,344,0,52,Player A
247,QLearningPlayer,296,51,347,0,51,Player A
248,QLearningPlayer,300,50,350,0,50,Player A
249,QLearningPlayer,300,50,350,0,50,Player A
250,QLearningPlayer,268,58,326,0,58,Player A
251,QLearningPlayer,288,53,341,0,53,Player A
252,QLearningPlayer,312,47,359,0,47,Player A
253,QLearningPlayer,328,43,371,0,43,Player A
254,QLearningPlayer,304,49,353,0,49,Player A
255,QLearningPlayer,328,43,371,0,43,Player A
256,QLearningPlayer,296,51,347,0,51,Player A
257,QLearningPlayer,284,54,338,0,54,Player A
258,QLearningPlayer,304,49,353,0,49,Player A
259,QLearningPlayer,312,47,359,0,47,Player A
260,QLearningPlayer,300,50,350,0,50,Player A
261,QLearningPlayer,328,43,371,0,43,Player A
262,QLearningPlayer,344,39,383,0,39,Player A
263,QLearningPlayer,308,48,356,0,48,Player A
264,QLearningPlayer,320,45,365,0,45,Player A
265,QLearningPlayer,300,50,350,0,50,Player A
266,QLearningPlayer,304,49,353,0,49,Player A
267,QLearningPlayer,280,55,335,0,55,Player A
268,QLearningPlayer,296,51,347,0,51,Player A
269,QLearningPlayer,284,54,338,0,54,Player A
270,QLearningPlayer,296,51,347,0,51,Player A
271,QLearningPlayer,300,50,350,0,50,Player A
272,QLearningPlayer,312,47,359,0,47,Player A
273,QLearningPlayer,304,49,353,0,49,Player A
274,QLearningPlayer,288,53,341,0,53,Player A
275,QLearningPlayer,292,52,344,0,52,Player A
276,QLearningPlayer,304,49,353,0,49,Player A
277,QLearningPlayer,292,52,344,0,52,Player A
278,QLearningPlayer,312,47,359,0,47,Player A
279,QLearningPlayer,320,45,365,0,45,Player A
280,QLearningPlayer,312,47,359,0,47,Player A
281,QLearningPlayer,296,51,347,0,51,Player A
282,QLearningPlayer,324,44,368,0,44,Player A
283,QLearningPlayer,276,56,332,0,56,Player A
284,QLearningPlayer,268,58,326,0,58,Player A
285,QLearningPlayer,336,41,377,0,41,Player A
286,QLearningPlayer,296,51,347,0,51,Player A
287,QLearningPlayer,276,56,332,0,56,Player A
288,QLearningPlayer,296,51,347,0,51,Player A
289,QLearningPlayer,320,45,365,0,45,Player A
290,QLearningPlayer,324,44,368,0,44,Player A
291,QLearningPlayer,336,41,377,0,41,Player A
292,QLearningPlayer,312,47,359,0,47,Player A
293,QLearningPlayer,276,56,332,0,56,Player A
294,QLearningPlayer,300,50,350,0,50,Player A
295,QLearningPlayer,308,48,356,0,48,Player A
296,QLearningPlayer,336,41,377,0,41,Player A
297,QLearningPlayer,320,45,365,0,45,Player A
298,QLearningPlayer,292,52,344,0,52,Player A
299,QLearningPlayer,288,53,341,0,53,Player A
300,QLearningPlayer,312,47,359,0,47,Player A
301,QLearningPlayer,276,56,332,0,56,Player A
302,QLearningPlayer,268,58,326,0,58,Player A
303,QLearningPlayer,312,47,359,0,47,Player A
304,QLearningPlayer,300,50,350,0,50,Player A
305,QLearningPlayer,324,44,368,0,44,Player A
306,QLearningPlayer,312,47,359,0,47,Player A
307,QLearningPlayer,316,46,362,0,46,Player A
308,QLearningPlayer,320,45,365,0,45,Player A
309,QLearningPlayer,340,40,380,0,40,Player A
310,QLearningPlayer,288,53,341,0,53,Player A
311,QLearningPlayer,360,35,395,0,35,Player A
312,QLearningPlayer,272,57,329,0,57,Player A
313,QLearningPlayer,288,53,341,0,53,Player A
314,QLearningPlayer,328,43,371,0,43,Player A
315,QLearningPlayer,336,41,377,0,41,Player A
316,QLearningPlayer,308,48,356,0,48,Player A
317,QLearningPlayer,304,49,353,0,49,Player A
318,QLearningPlayer,284,54,338,0,54,Player A
319,QLearningPlayer,296,51,347,0,51,Player A
320,QLearningPlayer,328,43,371,0,43,Player A
321,QLearningPlayer,324,44,368,0,44,Player A
322,QLearningPlayer,324,44,368,0,44,Player A
323,QLearningPlayer,308,48,356,0,48,Player A
324,QLearningPlayer,292,52,344,0,52,Player A
325,QLearningPlayer,284,54,338,0,54,Player A
326,QLearningPlayer,292,52,344,0,52,Player A
327,QLearningPlayer,292,52,344,0,52,Player A
328,QLearningPlayer,328,43,371,0,43,Player A
329,QLearningPlayer,316,46,362,0,46,Player A
330,QLearningPlayer,316,46,362,0,46,Player A
331,QLearningPlayer,284,54,338,0,54,Player A
332,QLearningPlayer,324,44,368,0,44,Player A
333,QLearningPlayer,284,54,338,0,54,Player A
334,QLearningPlayer,296,51,347,0,51,Player A
335,QLearningPlayer,316,46,362,0,46,Player A
336,QLearningPlayer,300,50,350,0,50,Player A
337,QLearningPlayer,288,53,341,0,53,Player A
338,QLearningPlayer,316,46,362,0,46,Player A
339,QLearningPlayer,312,47,359,0,47,Player A
340,QLearningPlayer,268,58,326,0,58,Player A
341,QLearningPlayer,296,51,347,0,51,Player A
342,QLearningPlayer,288,53,341,0,53,Player A
343,QLearningPlayer,304,49,353,0,49,Player A
344,QLearningPlayer,296,51,347,0,51,Player A
345,QLearningPlayer,300,50,350,0,50,Player A
346,QLearningPlayer,308,48,356,0,48,Player A
347,QLearningPlayer,292,52,344,0,52,Player A
348,QLearningPlayer,292,52,344,0,52,Player A
349,QLearningPlayer,324,44,368,0,44,Player A
350,QLearningPlayer,268,58,326,0,58,Player A
351,QLearningPlayer,248,63,311,0,63,Player A
352,QLearningPlayer,272,57,329,0,57,Player A
353,QLearningPlayer,256,61,317,0,61,Player A
354,QLearningPlayer,304,49,353,0,49,Player A
355,QLearningPlayer,312,47,359,0,47,Player A
356,QLearningPlayer,332,42,374,0,42,Player A
357,QLearningPlayer,316,46,362,0,46,Player A
358,QLearningPlayer,300,50,350,0,50,Player A
359,QLearningPlayer,276,56,332,0,56,Player A
360,QLearningPlayer,304,49,353,0,49,Player A
361,QLearningPlayer,292,52,344,0,52,Player A
362,QLearningPlayer,312,47,359,0,47,Player A
363,QLearningPlayer,324,44,368,0,44,Player A
364,QLearningPlayer,284,54,338,0,54,Player A
365,QLearningPlayer,284,54,338,0,54,Player A
366,QLearningPlayer,328,43,371,0,43,Player A
367,QLearningPlayer,312,47,359,0,47,Player A
368,QLearningPlayer,288,53,341,0,53,Player A
369,QLearningPlayer,308,48,356,0,48,Player A
370,QLearningPlayer,320,45,365,0,45,Player A
371,QLearningPlayer,288,53,341,0,53,Player A
372,QLearningPlayer,304,49,353,0,49,Player A
373,QLearningPlayer,328,43,371,0,43,Player A
374,QLearningPlayer,344,39,383,0,39,Player A
375,QLearningPlayer,308,48,356,0,48,Player A
376,QLearningPlayer,284,54,338,0,54,Player A
377,QLearningPlayer,324,44,368,0,44,Player A
378,QLearningPlayer,300,50,350,0,50,Player A
379,QLearningPlayer,328,43,371,0,43,Player A
380,QLearningPlayer,272,57,329,0,57,Player A
381,QLearningPlayer,308,48,356,0,48,Player A
382,QLearningPlayer,332,42,374,0,42,Player A
383,QLearningPlayer,288,53,341,0,53,Player A
384,QLearningPlayer,300,50,350,0,50,Player A
385,QLearningPlayer,292,52,344,0,52,Player A
386,QLearningPlayer,284,54,338,0,54,Player A
387,QLearningPlayer,292,52,344,0,52,Player A
388,QLearningPlayer,320,45,365,0,45,Player A
389,QLearningPlayer,284,54,338,0,54,Player A
390,QLearningPlayer,328,43,371,0,43,Player A
391,QLearningPlayer,312,47,359,0,47,Player A
392,QLearningPlayer,280,55,335,0,55,Player A
393,QLearningPlayer,256,61,317,0,61,Player A
394,QLearningPlayer,272,57,329,0,57,Player A
395,QLearningPlayer,300,50,350,0,50,Player A
396,QLearningPlayer,328,43,371,0,43,Player A
397,QLearningPlayer,312,47,359,0,47,Player A
398,QLearningPlayer,280,55,335,0,55,Player A
399,QLearningPlayer,320,45,365,0,45,Player A
400,QLearningPlayer,320,45,365,0,45,Player A
401,QLearningPlayer,316,46,362,0,46,Player A
402,QLearningPlayer,304,49,353,0,49,Player A
403,QLearningPlayer,300,50,350,0,50,Player A
404,QLearningPlayer,300,50,350,0,50,Player A
405,QLearningPlayer,288,53,341,0,53,Player A
406,QLearningPlayer,324,44,368,0,44,Player A
407,QLearningPlayer,324,44,368,0,44,Player A
408,QLearningPlayer,280,55,335,0,55,Player A
409,QLearningPlayer,292,52,344,0,52,Player A
410,QLearningPlayer,348,38,386,0,38,Player A
411,QLearningPlayer,268,58,326,0,58,Player A
412,QLearningPlayer,328,43,371,0,43,Player A
413,QLearningPlayer,308,48,356,0,48,Player A
414,QLearningPlayer,308,48,356,0,48,Player A
415,QLearningPlayer,296,51,347,0,51,Player A
416,QLearningPlayer,316,46,362,0,46,Player A
417,QLearningPlayer,256,61,317,0,61,Player A
418,QLearningPlayer,276,56,332,0,56,Player A
419,QLearningPlayer,308,48,356,0,48,Player A
420,QLearningPlayer,264,59,323,0,59,Player A
421,QLearningPlayer,288,53,341,0,53,Player A
422,QLearningPlayer,296,51,347,0,51,Player A
423,QLearningPlayer,308,48,356,0,48,Player A
424,QLearningPlayer,280,55,335,0,55,Player A
425,QLearningPlayer,312,47,359,0,47,Player A
426,QLearningPlayer,268,58,326,0,58,Player A
427,QLearningPlayer,260,60,320,0,60,Player A
428,QLearningPlayer,292,52,344,0,52,Player A
429,QLearningPlayer,264,59,323,0,59,Player A
430,QLearningPlayer,288,53,341,0,53,Player A
431,QLearningPlayer,224,69,293,0,69,Player A
432,QLearningPlayer,328,43,371,0,43,Player A
433,QLearningPlayer,320,45,365,0,45,Player A
434,QLearningPlayer,312,47,359,0,47,Player A
435,QLearningPlayer,308,48,356,0,48,Player A
436,QLearningPlayer,320,45,365,0,45,Player A
437,QLearningPlayer,292,52,344,0,52,Player A
438,QLearningPlayer,268,58,326,0,58,Player A
439,QLearningPlayer,304,49,353,0,49,Player A
440,QLearningPlayer,304,49,353,0,49,Player A
441,QLearningPlayer,308,48,356,0,48,Player A
442,QLearningPlayer,288,53,341,0,53,Player A
443,QLearningPlayer,304,49,353,0,49,Player A
444,QLearningPlayer,296,51,347,0,51,Player A
445,QLearningPlayer,328,43,371,0,43,Player A
446,QLearningPlayer,284,54,338,0,54,Player A
447,QLearningPlayer,292,52,344,0,52,Player A
448,QLearningPlayer,292,52,344,0,52,Player A
449,QLearningPlayer,308,48,356,0,48,Player A
450,QLearningPlayer,312,47,359,0,47,Player A
451,QLearningPlayer,336,41,377,0,41,Player A
452,QLearningPlayer,292,52,344,0,52,Player A
453,QLearningPlayer,304,49,353,0,49,Player A
454,QLearningPlayer,300,50,350,0,50,Player A
455,QLearningPlayer,316,46,362,0,46,Player A
456,QLearningPlayer,296,51,347,0,51,Player A
457,QLearningPlayer,312,47,359,0,47,Player A
458,QLearningPlayer,316,46,362,0,46,Player A
459,QLearningPlayer,316,46,362,0,46,Player A
460,QLearningPlayer,292,52,344,0,52,Player A
461,QLearningPlayer,316,46,362,0,46,Player A
462,QLearningPlayer,312,47,359,0,47,Player A
463,QLearningPlayer,276,56,332,0,56,Player A
464,QLearningPlayer,300,50,350,0,50,Player A
465,QLearningPlayer,352,37,389,0,37,Player A
466,QLearningPlayer,288,53,341,0,53,Player A
467,QLearningPlayer,320,45,365,0,45,Player A
468,QLearningPlayer,308,48,356,0,48,Player A
469,QLearningPlayer,288,53,341,0,53,Player A
470,QLearningPlayer,280,55,335,0,55,Player A
471,QLearningPlayer,296,51,347,0,51,Player A
472,QLearningPlayer,328,43,371,0,43,Player A
473,QLearningPlayer,300,50,350,0,50,Player A
474,QLearningPlayer,296,51,347,0,51,Player A
475,QLearningPlayer,288,53,341,0,53,Player A
476,QLearningPlayer,324,44,368,0,44,Player A
477,QLearningPlayer,272,57,329,0,57,Player A
478,QLearningPlayer,312,47,359,0,47,Player A
479,QLearningPlayer,272,57,329,0,57,Player A
480,QLearningPlayer,288,53,341,0,53,Player A
481,QLearningPlayer,296,51,347,0,51,Player A
482,QLearningPlayer,292,52,344,0,52,Player A
483,QLearningPlayer,292,52,344,0,52,Player A
484,QLearningPlayer,292,52,344,0,52,Player A
485,QLearningPlayer,320,45,365,0,45,Player A
486,QLearningPlayer,316,46,362,0,46,Player A
487,QLearningPlayer,272,57,329,0,57,Player A
488,QLearningPlayer,284,54,338,0,54,Player A
489,QLearningPlayer,280,55,335,0,55,Player A
490,QLearningPlayer,300,50,350,0,50,Player A
491,QLearningPlayer,320,45,365,0,45,Player A
492,QLearningPlayer,332,42,374,0,42,Player A
493,QLearningPlayer,296,51,347,0,51,Player A
494,QLearningPlayer,264,59,323,0,59,Player A
495,QLearningPlayer,288,53,341,0,53,Player A
496,QLearningPlayer,316,46,362,0,46,Player A
497,QLearningPlayer,288,53,341,0,53,Player A
498,QLearningPlayer,296,51,347,0,51,Player A
499,QLearningPlayer,264,59,323,0,59,Player A
500,QLearningPlayer,308,48,356,0,48,Player A
501,QLearningPlayer,280,55,335,0,55,Player A
502,QLearningPlayer,292,52,344,0,52,Player A
503,QLearningPlayer,292,52,344,0,52,Player A
504,QLearningPlayer,300,50,350,0,50,Player A
505,QLearningPlayer,272,57,329,0,57,Player A
506,QLearningPlayer,324,44,368,0,44,Player A
507,QLearningPlayer,308,48,356,0,48,Player A
508,QLearningPlayer,316,46,362,0,46,Player A
509,QLearningPlayer,284,54,338,0,54,Player A
510,QLearningPlayer,288,53,341,0,53,Player A
511,QLearningPlayer,276,56,332,0,56,Player A
512,QLearningPlayer,284,54,338,0,54,Player A
513,QLearningPlayer,292,52,344,0,52,Player A
514,QLearningPlayer,296,51,347,0,51,Player A
515,QLearningPlayer,288,53,341,0,53,Player A
516,QLearningPlayer,312,47,359,0,47,Player A
517,QLearningPlayer,252,62,314,0,62,Player A
518,QLearningPlayer,324,44,368,0,44,Player A
519,QLearningPlayer,268,58,326,0,58,Player A
520,QLearningPlayer,304,49,353,0,49,Player A
521,QLearningPlayer,300,50,350,0,50,Player A
522,QLearningPlayer,288,53,341,0,53,Player A
523,QLearningPlayer,308,48,356,0,48,Player A
524,QLearningPlayer,276,56,332,0,56,Player A
525,QLearningPlayer,280,55,335,0,55,Player A
526,QLearningPlayer,288,53,341,0,53,Player A
527,QLearningPlayer,284,54,338,0,54,Player A
528,QLearningPlayer,296,51,347,0,51,Player A
529,QLearningPlayer,268,58,326,0,58,Player A
530,QLearningPlayer,296,51,347,0,51,Player A
531,QLearningPlayer,260,60,320,0,60,Player A
532,QLearningPlayer,324,44,368,0,44,Player A
533,QLearningPlayer,292,52,344,0,52,Player A
534,QLearningPlayer,280,55,335,0,55,Player A
535,QLearningPlayer,280,55,335,0,55,Player A
536,QLearningPlayer,312,47,359,0,47,Player A
537,QLearningPlayer,260,60,320,0,60,Player A
538,QLearningPlayer,284,54,338,0,54,Player A
539,QLearningPlayer,292,52,344,0,52,Player A
540,QLearningPlayer,276,56,332,0,56,Player A
541,QLearningPlayer,260,60,320,0,60,Player A
542,QLearningPlayer,328,43,371,0,43,Player A
543,QLearningPlayer,312,47,359,0,47,Player A
544,QLearningPlayer,304,49,353,0,49,Player A
545,QLearningPlayer,292,52,344,0,52,Player A
546,QLearningPlayer,300,50,350,0,50,Player A
547,QLearningPlayer,296,51,347,0,51,Player A
548,QLearningPlayer,308,48,356,0,48,Player A
549,QLearningPlayer,304,49,353,0,49,Player A
550,QLearningPlayer,348,38,386,0,38,Player A
551,QLearningPlayer,308,48,356,0,48,Player A
552,QLearningPlayer,308,48,356,0,48,Player A
553,QLearningPlayer,292,52,344,0,52,Player A
554,QLearningPlayer,316,46,362,0,46,Player A
555,QLearningPlayer,276,56,332,0,56,Player A
556,QLearningPlayer,304,49,353,0,49,Player A
557,QLearningPlayer,300,50,350,0,50,Player A
558,QLearningPlayer,312,47,359,0,47,Player A
559,QLearningPlayer,312,47,359,0,47,Player A
560,QLearningPlayer,308,48,356,0,48,Player A
561,QLearningPlayer,296,51,347,0,51,Player A
562,QLearningPlayer,304,49,353,0,49,Player A
563,QLearningPlayer,284,54,338,0,54,Player A
564,QLearningPlayer,328,43,371,0,43,Player A
565,QLearningPlayer,316,46,362,0,46,Player A
566,QLearningPlayer,312,47,359,0,47,Player A
567,QLearningPlayer,260,60,320,0,60,Player A
568,QLearningPlayer,296,51,347,0,51,Player A
569,QLearningPlayer,316,46,362,0,46,Player A
570,QLearningPlayer,316,46,362,0,46,Player A
571,QLearningPlayer,324,44,368,0,44,Player A
572,QLearningPlayer,292,52,344,0,52,Player A
573,QLearningPlayer,316,46,362,0,46,Player A
574,QLearningPlayer,316,46,362,0,46,Player A
575,QLearningPlayer,292,52,344,0,52,Player A
576,QLearningPlayer,336,41,377,0,41,Player A
577,QLearningPlayer,324,44,368,0,44,Player A
578,QLearningPlayer,340,40,380,0,40,Player A
579,QLearningPlayer,324,44,368,0,44,Player A
580,QLearningPlayer,304,49,353,0,49,Player A
581,QLearningPlayer,296,51,347,0,51,Player A
582,QLearningPlayer,328,43,371,0,43,Player A
583,QLearningPlayer,260,60,320,0,60,Player A
584,QLearningPlayer,320,45,365,0,45,Player A
585,QLearningPlayer,264,59,323,0,59,Player A
586,QLearningPlayer,332,42,374,0,42,Player A
587,QLearningPlayer,308,48,356,0,48,Player A
588,QLearningPlayer,292,52,344,0,52,Player A
589,QLearningPlayer,320,45,365,0,45,Player A
590,QLearningPlayer,316,46,362,0,46,Player A
591,QLearningPlayer,292,52,344,0,52,Player A
592,QLearningPlayer,312,47,359,0,47,Player A
593,QLearningPlayer,272,57,329,0,57,Player A
594,QLearningPlayer,300,50,350,0,50,Player A
595,QLearningPlayer,312,47,359,0,47,Player A
596,QLearningPlayer,308,48,356,0,48,Player A
597,QLearningPlayer,288,53,341,0,53,Player A
598,QLearningPlayer,264,59,323,0,59,Player A
599,QLearningPlayer,272,57,329,0,57,Player A
600,QLearningPlayer,336,41,377,0,41,Player A
601,QLearningPlayer,292,52,344,0,52,Player A
602,QLearningPlayer,288,53,341,0,53,Player A
603,QLearningPlayer,276,56,332,0,56,Player A
604,QLearningPlayer,276,56,332,0,56,Player A
605,QLearningPlayer,308,48,356,0,48,Player A
606,QLearningPlayer,312,47,359,0,47,Player A
607,QLearningPlayer,296,51,347,0,51,Player A
608,QLearningPlayer,296,51,347,0,51,Player A
609,QLearningPlayer,284,54,338,0,54,Player A
610,QLearningPlayer,284,54,338,0,54,Player A
611,QLearningPlayer,304,49,353,0,49,Player A
612,QLearningPlayer,320,45,365,0,45,Player A
613,QLearningPlayer,328,43,371,0,43,Player A
614,QLearningPlayer,264,59,323,0,59,Player A
615,QLearningPlayer,292,52,344,0,52,Player A
616,QLearningPlayer,296,51,347,0,51,Player A
617,QLearningPlayer,300,50,350,0,50,Player A
618,QLearningPlayer,312,47,359,0,47,Player A
619,QLearningPlayer,292,52,344,0,52,Player A
620,QLearningPlayer,268,58,326,0,58,Player A
621,QLearningPlayer,280,55,335,0,55,Player A
622,QLearningPlayer,312,47,359,0,47,Player A
623,QLearningPlayer,296,51,347,0,51,Player A
624,QLearningPlayer,300,50,350,0,50,Player A
625,QLearningPlayer,272,57,329,0,57,Player A
626,QLearningPlayer,316,46,362,0,46,Player A
627,QLearningPlayer,284,54,338,0,54,Player A
628,QLearningPlayer,316,46,362,0,46,Player A
629,QLearningPlayer,264,59,323,0,59,Player A
630,QLearningPlayer,308,48,356,0,48,Player A
631,QLearningPlayer,300,50,350,0,50,Player A
632,QLearningPlayer,260,60,320,0,60,Player A
633,QLearningPlayer,292,52,344,0,52,Player A
634,QLearningPlayer,280,55,335,0,55,Player A
635,QLearningPlayer,316,46,362,0,46,Player A
636,QLearningPlayer,312,47,359,0,47,Player A
637,QLearningPlayer,264,59,323,0,59,Player A
638,QLearningPlayer,304,49,353,0,49,Player A
639,QLearningPlayer,312,47,359,0,47,Player A
640,QLearningPlayer,312,47,359,0,47,Player A
641,QLearningPlayer,264,59,323,0,59,Player A
642,QLearningPlayer,312,47,359,0,47,Player A
643,QLearningPlayer,292,52,344,0,52,Player A
644,QLearningPlayer,296,51,347,0,51,Player A
645,QLearningPlayer,284,54,338,0,54,Player A
646,QLearningPlayer,296,51,347,0,51,Player A
647,QLearningPlayer,320,45,365,0,45,Player A
648,QLearningPlayer,324,44,368,0,44,Player A
649,QLearningPlayer,328,43,371,0,43,Player A
650,QLearningPlayer,344,39,383,0,39,Player A
651,QLearningPlayer,292,52,344,0,52,Player A
652,QLearningPlayer,312,47,359,0,47,Player A
653,QLearningPlayer,312,47,359,0,47,Player A
654,QLearningPlayer,300,50,350,0,50,Player A
655,QLearningPlayer,288,53,341,0,53,Player A
656,QLearningPlayer,332,42,374,0,42,Player A
657,QLearningPlayer,328,43,371,0,43,Player A
658,QLearningPlayer,288,53,341,0,53,Player A
659,QLearningPlayer,296,51,347,0,51,Player A
660,QLearningPlayer,296,51,347,0,51,Player A
661,QLearningPlayer,300,50,350,0,50,Player A
662,QLearningPlayer,324,44,368,0,44,Player A
663,QLearningPlayer,280,55,335,0,55,Player A
664,QLearningPlayer,296,51,347,0,51,Player A
665,QLearningPlayer,292,52,344,0,52,Player A
666,QLearningPlayer,336,41,377,0,41,Player A
667,QLearningPlayer,276,56,332,0,56,Player A
668,QLearningPlayer,316,46,362,0,46,Player A
669,QLearningPlayer,300,50,350,0,50,Player A
670,QLearningPlayer,296,51,347,0,51,Player A
671,QLearningPlayer,304,49,353,0,49,Player A
672,QLearningPlayer,324,44,368,0,44,Player A
673,QLearningPlayer,276,56,332,0,56,Player A
674,QLearningPlayer,276,56,332,0,56,Player A
675,QLearningPlayer,300,50,350,0,50,Player A
676,QLearningPlayer,320,45,365,0,45,Player A
677,QLearningPlayer,288,53,341,0,53,Player A
678,QLearningPlayer,320,45,365,0,45,Player A
679,QLearningPlayer,280,55,335,0,55,Player A
680,QLearningPlayer,300,50,350,0,50,Player A
681,QLearningPlayer,316,46,362,0,46,Player A
682,QLearningPlayer,312,47,359,0,47,Player A
683,QLearningPlayer,320,45,365,0,45,Player A
684,QLearningPlayer,324,44,368,0,44,Player A
685,QLearningPlayer,328,43,371,0,43,Player A
686,QLearningPlayer,288,53,341,0,53,Player A
687,QLearningPlayer,328,43,371,0,43,Player A
688,QLearningPlayer,340,40,380,0,40,Player A
689,QLearningPlayer,304,49,353,0,49,Player A
690,QLearningPlayer,292,52,344,0,52,Player A
691,QLearningPlayer,268,58,326,0,58,Player A
692,QLearningPlayer,316,46,362,0,46,Player A
693,QLearningPlayer,308,48,356,0,48,Player A
694,QLearningPlayer,324,44,368,0,44,Player A
695,QLearningPlayer,324,44,368,0,44,Player A
696,QLearningPlayer,288,53,341,0,53,Player A
697,QLearningPlayer,300,50,350,0,50,Player A
698,QLearningPlayer,308,48,356,0,48,Player A
699,QLearningPlayer,296,51,347,0,51,Player A
700,QLearningPlayer,308,48,356,0,48,Player A
701,QLearningPlayer,272,57,329,0,57,Player A
702,QLearningPlayer,296,51,347,0,51,Player A
703,QLearningPlayer,312,47,359,0,47,Player A
704,QLearningPlayer,320,45,365,0,45,Player A
705,QLearningPlayer,300,50,350,0,50,Player A
706,QLearningPlayer,296,51,347,0,51,Player A
707,QLearningPlayer,288,53,341,0,53,Player A
708,QLearningPlayer,284,54,338,0,54,Player A
709,QLearningPlayer,300,50,350,0,50,Player A
710,QLearningPlayer,296,51,347,0,51,Player A
711,QLearningPlayer,308,48,356,0,48,Player A
712,QLearningPlayer,300,50,350,0,50,Player A
713,QLearningPlayer,300,50,350,0,50,Player A
714,QLearningPlayer,284,54,338,0,54,Player A
715,QLearningPlayer,304,49,353,0,49,Player A
716,QLearningPlayer,284,54,338,0,54,Player A
717,QLearningPlayer,304,49,353,0,49,Player A
718,QLearningPlayer,324,44,368,0,44,Player A
719,QLearningPlayer,324,44,368,0,44,Player A
720,QLearningPlayer,292,52,344,0,52,Player A
721,QLearningPlayer,296,51,347,0,51,Player A
722,QLearningPlayer,280,55,335,0,55,Player A
723,QLearningPlayer,288,53,341,0,53,Player A
724,QLearningPlayer,312,47,359,0,47,Player A
725,QLearningPlayer,244,64,308,0,64,Player A
726,QLearningPlayer,292,52,344,0,52,Player A
727,QLearningPlayer,328,43,371,0,43,Player A
728,QLearningPlayer,296,51,347,0,51,Player A
729,QLearningPlayer,316,46,362,0,46,Player A
730,QLearningPlayer,300,50,350,0,50,Player A
731,QLearningPlayer,300,50,350,0,50,Player A
732,QLearningPlayer,280,55,335,0,55,Player A
733,QLearningPlayer,276,56,332,0,56,Player A
734,QLearningPlayer,304,49,353,0,49,Player A
735,QLearningPlayer,304,49,353,0,49,Player A
736,QLearningPlayer,280,55,335,0,55,Player A
737,QLearningPlayer,280,55,335,0,55,Player A
738,QLearningPlayer,272,57,329,0,57,Player A
739,QLearningPlayer,276,56,332,0,56,Player A
740,QLearningPlayer,312,47,359,0,47,Player A
741,QLearningPlayer,276,56,332,0,56,Player A
742,QLearningPlayer,272,57,329,0,57,Player A
743,QLearningPlayer,312,47,359,0,47,Player A
744,QLearningPlayer,320,45,365,0,45,Player A
745,QLearningPlayer,336,41,377,0,41,Player A
746,QLearningPlayer,296,51,347,0,51,Player A
747,QLearningPlayer,296,51,347,0,51,Player A
748,QLearningPlayer,340,40,380,0,40,Player A
749,QLearningPlayer,336,41,377,0,41,Player A
750,QLearningPlayer,320,45,365,0,45,Player A
751,QLearningPlayer,300,50,350,0,50,Player A
752,QLearningPlayer,288,53,341,0,53,Player A
753,QLearningPlayer,304,49,353,0,49,Player A
754,QLearningPlayer,316,46,362,0,46,Player A
755,QLearningPlayer,316,46,362,0,46,Player A
756,QLearningPlayer,296,51,347,0,51,Player A
757,QLearningPlayer,296,51,347,0,51,Player A
758,QLearningPlayer,292,52,344,0,52,Player A
759,QLearningPlayer,268,58,326,0,58,Player A
760,QLearningPlayer,296,51,347,0,51,Player A
761,QLearningPlayer,276,56,332,0,56,Player A
762,QLearningPlayer,308,48,356,0,48,Player A
763,QLearningPlayer,300,50,350,0,50,Player A
764,QLearningPlayer,320,45,365,0,45,Player A
765,QLearningPlayer,304,49,353,0,49,Player A
766,QLearningPlayer,276,56,332,0,56,Player A
767,QLearningPlayer,328,43,371,0,43,Player A
768,QLearningPlayer,308,48,356,0,48,Player A
769,QLearningPlayer,304,49,353,0,49,Player A
770,QLearningPlayer,296,51,347,0,51,Player A
771,QLearningPlayer,320,45,365,0,45,Player A
772,QLearningPlayer,280,55,335,0,55,Player A
773,QLearningPlayer,264,59,323,0,59,Player A
774,QLearningPlayer,308,48,356,0,48,Player A
775,QLearningPlayer,304,49,353,0,49,Player A
776,QLearningPlayer,300,50,350,0,50,Player A
777,QLearningPlayer,328,43,371,0,43,Player A
778,QLearningPlayer,276,56,332,0,56,Player A
779,QLearningPlayer,316,46,362,0,46,Player A
780,QLearningPlayer,292,52,344,0,52,Player A
781,QLearningPlayer,292,52,344,0,52,Player A
782,QLearningPlayer,284,54,338,0,54,Player A
783,QLearningPlayer,312,47,359,0,47,Player A
784,QLearningPlayer,308,48,356,0,48,Player A
785,QLearningPlayer,260,60,320,0,60,Player A
786,QLearningPlayer,280,55,335,0,55,Player A
787,QLearningPlayer,300,50,350,0,50,Player A
788,QLearningPlayer,308,48,356,0,48,Player A
789,QLearningPlayer,328,43,371,0,43,Player A
790,QLearningPlayer,324,44,368,0,44,Player A
791,QLearningPlayer,332,42,374,0,42,Player A
792,QLearningPlayer,288,53,341,0,53,Player A
793,QLearningPlayer,268,58,326,0,58,Player A
794,QLearningPlayer,272,57,329,0,57,Player A
795,QLearningPlayer,324,44,368,0,44,Player A
796,QLearningPlayer,296,51,347,0,51,Player A
797,QLearningPlayer,308,48,356,0,48,Player A
798,QLearningPlayer,308,48,356,0,48,Player A
799,QLearningPlayer,296,51,347,0,51,Player A
800,QLearningPlayer,284,54,338,0,54,Player A
801,QLearningPlayer,304,49,353,0,49,Player A
802,QLearningPlayer,308,48,356,0,48,Player A
803,QLearningPlayer,292,52,344,0,52,Player A
804,QLearningPlayer,320,45,365,0,45,Player A
805,QLearningPlayer,284,54,338,0,54,Player A
806,QLearningPlayer,312,47,359,0,47,Player A
807,QLearningPlayer,300,50,350,0,50,Player A
808,QLearningPlayer,304,49,353,0,49,Player A
809,QLearningPlayer,288,53,341,0,53,Player A
810,QLearningPlayer,280,55,335,0,55,Player A
811,QLearningPlayer,328,43,371,0,43,Player A
812,QLearningPlayer,316,46,362,0,46,Player A
813,QLearningPlayer,320,45,365,0,45,Player A
814,QLearningPlayer,308,48,356,0,48,Player A
815,QLearningPlayer,272,57,329,0,57,Player A
816,QLearningPlayer,316,46,362,0,46,Player A
817,QLearningPlayer,320,45,365,0,45,Player A
818,QLearningPlayer,284,54,338,0,54,Player A
819,QLearningPlayer,260,60,320,0,60,Player A
820,QLearningPlayer,300,50,350,0,50,Player A
821,QLearningPlayer,328,43,371,0,43,Player A
822,QLearningPlayer,268,58,326,0,58,Player A
823,QLearningPlayer,268,58,326,0,58,Player A
824,QLearningPlayer,308,48,356,0,48,Player A
825,QLearningPlayer,304,49,353,0,49,Player A
826,QLearningPlayer,296,51,347,0,51,Player A
827,QLearningPlayer,312,47,359,0,47,Player A
828,QLearningPlayer,320,45,365,0,45,Player A
829,QLearningPlayer,308,48,356,0,48,Player A
830,QLearningPlayer,296,51,347,0,51,Player A
831,QLearningPlayer,300,50,350,0,50,Player A
832,QLearningPlayer,308,48,356,0,48,Player A
833,QLearningPlayer,320,45,365,0,45,Player A
834,QLearningPlayer,316,46,362,0,46,Player A
835,QLearningPlayer,292,52,344,0,52,Player A
836,QLearningPlayer,312,47,359,0,47,Player A
837,QLearningPlayer,296,51,347,0,51,Player A
838,QLearningPlayer,228,68,296,0,68,Player A
839,QLearningPlayer,292,52,344,0,52,Player A
840,QLearningPlayer,304,49,353,0,49,Player A
841,QLearningPlayer,332,42,374,0,42,Player A
842,QLearningPlayer,320,45,365,0,45,Player A
843,QLearningPlayer,324,44,368,0,44,Player A
844,QLearningPlayer,304,49,353,0,49,Player A
845,QLearningPlayer,304,49,353,0,49,Player A
846,QLearningPlayer,308,48,356,0,48,Player A
847,QLearningPlayer,304,49,353,0,49,Player A
848,QLearningPlayer,300,50,350,0,50,Player A
849,QLearningPlayer,280,55,335,0,55,Player A
850,QLearningPlayer,304,49,353,0,49,Player A
851,QLearningPlayer,324,44,368,0,44,Player A
852,QLearningPlayer,324,44,368,0,44,Player A
853,QLearningPlayer,300,50,350,0,50,Player A
854,QLearningPlayer,280,55,335,0,55,Player A
855,QLearningPlayer,288,53,341,0,53,Player A
856,QLearningPlayer,308,48,356,0,48,Player A
857,QLearningPlayer,284,54,338,0,54,Player A
858,QLearningPlayer,324,44,368,0,44,Player A
859,QLearningPlayer,292,52,344,0,52,Player A
860,QLearningPlayer,292,52,344,0,52,Player A
861,QLearningPlayer,284,54,338,0,54,Player A
862,QLearningPlayer,288,53,341,0,53,Player A
863,QLearningPlayer,300,50,350,0,50,Player A
864,QLearningPlayer,280,55,335,0,55,Player A
865,QLearningPlayer,268,58,326,0,58,Player A
866,QLearningPlayer,288,53,341,0,53,Player A
867,QLearningPlayer,304,49,353,0,49,Player A
868,QLearningPlayer,288,53,341,0,53,Player A
869,QLearningPlayer,296,51,347,0,51,Player A
870,QLearningPlayer,288,53,341,0,53,Player A
871,QLearningPlayer,260,60,320,0,60,Player A
872,QLearningPlayer,312,47,359,0,47,Player A
873,QLearningPlayer,320,45,365,0,45,Player A
874,QLearningPlayer,280,55,335,0,55,Player A
875,QLearningPlayer,280,55,335,0,55,Player A
876,QLearningPlayer,300,50,350,0,50,Player A
877,QLearningPlayer,280,55,335,0,55,Player A
878,QLearningPlayer,280,55,335,0,55,Player A
879,QLearningPlayer,344,39,383,0,39,Player A
880,QLearningPlayer,324,44,368,0,44,Player A
881,QLearningPlayer,300,50,350,0,50,Player A
882,QLearningPlayer,312,47,359,0,47,Player A
883,QLearningPlayer,344,39,383,0,39,Player A
884,QLearningPlayer,296,51,347,0,51,Player A
885,QLearningPlayer,312,47,359,0,47,Player A
886,QLearningPlayer,292,52,344,0,52,Player A
887,QLearningPlayer,276,56,332,0,56,Player A
888,QLearningPlayer,304,49,353,0,49,Player A
889,QLearningPlayer,304,49,353,0,49,Player A
890,QLearningPlayer,284,54,338,0,54,Player A
891,QLearningPlayer,284,54,338,0,54,Player A
892,QLearningPlayer,264,59,323,0,59,Player A
893,QLearningPlayer,308,48,356,0,48,Player A
894,QLearningPlayer,300,50,350,0,50,Player A
895,QLearningPlayer,288,53,341,0,53,Player A
896,QLearningPlayer,272,57,329,0,57,Player A
897,QLearningPlayer,296,51,347,0,51,Player A
898,QLearningPlayer,316,46,362,0,46,Player A
899,QLearningPlayer,308,48,356,0,48,Player A
900,QLearningPlayer,296,51,347,0,51,Player A
901,QLearningPlayer,324,44,368,0,44,Player A
902,QLearningPlayer,308,48,356,0,48,Player A
903,QLearningPlayer,312,47,359,0,47,Player A
904,QLearningPlayer,308,48,356,0,48,Player A
905,QLearningPlayer,288,53,341,0,53,Player A
906,QLearningPlayer,332,42,374,0,42,Player A
907,QLearningPlayer,312,47,359,0,47,Player A
908,QLearningPlayer,268,58,326,0,58,Player A
909,QLearningPlayer,276,56,332,0,56,Player A
910,QLearningPlayer,332,42,374,0,42,Player A
911,QLearningPlayer,304,49,353,0,49,Player A
912,QLearningPlayer,288,53,341,0,53,Player A
913,QLearningPlayer,292,52,344,0,52,Player A
914,QLearningPlayer,308,48,356,0,48,Player A
915,QLearningPlayer,296,51,347,0,51,Player A
916,QLearningPlayer,312,47,359,0,47,Player A
917,QLearningPlayer,292,52,344,0,52,Player A
918,QLearningPlayer,296,51,347,0,51,Player A
919,QLearningPlayer,288,53,341,0,53,Player A
920,QLearningPlayer,320,45,365,0,45,Player A
921,QLearningPlayer,296,51,347,0,51,Player A
922,QLearningPlayer,304,49,353,0,49,Player A
923,QLearningPlayer,300,50,350,0,50,Player A
924,QLearningPlayer,292,52,344,0,52,Player A
925,QLearningPlayer,288,53,341,0,53,Player A
926,QLearningPlayer,316,46,362,0,46,Player A
927,QLearningPlayer,276,56,332,0,56,Player A
928,QLearningPlayer,308,48,356,0,48,Player A
929,QLearningPlayer,328,43,371,0,43,Player A
930,QLearningPlayer,304,49,353,0,49,Player A
931,QLearningPlayer,288,53,341,0,53,Player A
932,QLearningPlayer,304,49,353,0,49,Player A
933,QLearningPlayer,280,55,335,0,55,Player A
934,QLearningPlayer,320,45,365,0,45,Player A
935,QLearningPlayer,288,53,341,0,53,Player A
936,QLearningPlayer,268,58,326,0,58,Player A
937,QLearningPlayer,288,53,341,0,53,Player A
938,QLearningPlayer,308,48,356,0,48,Player A
939,QLearningPlayer,304,49,353,0,49,Player A
940,QLearningPlayer,280,55,335,0,55,Player A
941,QLearningPlayer,308,48,356,0,48,Player A
942,QLearningPlayer,276,56,332,0,56,Player A
943,QLearningPlayer,308,48,356,0,48,Player A
944,QLearningPlayer,280,55,335,0,55,Player A
945,QLearningPlayer,296,51,347,0,51,Player A
946,QLearningPlayer,284,54,338,0,54,Player A
947,QLearningPlayer,320,45,365,0,45,Player A
948,QLearningPlayer,300,50,350,0,50,Player A
949,QLearningPlayer,356,36,392,0,36,Player A
950,QLearningPlayer,260,60,320,0,60,Player A
951,QLearningPlayer,280,55,335,0,55,Player A
952,QLearningPlayer,316,46,362,0,46,Player A
953,QLearningPlayer,308,48,356,0,48,Player A
954,QLearningPlayer,304,49,353,0,49,Player A
955,QLearningPlayer,300,50,350,0,50,Player A
956,QLearningPlayer,316,46,362,0,46,Player A
957,QLearningPlayer,288,53,341,0,53,Player A
958,QLearningPlayer,340,40,380,0,40,Player A
959,QLearningPlayer,316,46,362,0,46,Player A
960,QLearningPlayer,304,49,353,0,49,Player A
961,QLearningPlayer,320,45,365,0,45,Player A
962,QLearningPlayer,284,54,338,0,54,Player A
963,QLearningPlayer,268,58,326,0,58,Player A
964,QLearningPlayer,292,52,344,0,52,Player A
965,QLearningPlayer,312,47,359,0,47,Player A
966,QLearningPlayer,288,53,341,0,53,Player A
967,QLearningPlayer,308,48,356,0,48,Player A
968,QLearningPlayer,320,45,365,0,45,Player A
969,QLearningPlayer,308,48,356,0,48,Player A
970,QLearningPlayer,328,43,371,0,43,Player A
971,QLearningPlayer,304,49,353,0,49,Player A
972,QLearningPlayer,296,51,347,0,51,Player A
973,QLearningPlayer,332,42,374,0,42,Player A
974,QLearningPlayer,264,59,323,0,59,Player A
975,QLearningPlayer,308,48,356,0,48,Player A
976,QLearningPlayer,320,45,365,0,45,Player A
977,QLearningPlayer,300,50,350,0,50,Player A
978,QLearningPlayer,284,54,338,0,54,Player A
979,QLearningPlayer,296,51,347,0,51,Player A
980,QLearningPlayer,308,48,356,0,48,Player A
981,QLearningPlayer,264,59,323,0,59,Player A
982,QLearningPlayer,308,48,356,0,48,Player A
983,QLearningPlayer,312,47,359,0,47,Player A
984,QLearningPlayer,324,44,368,0,44,Player A
985,QLearningPlayer,288,53,341,0,53,Player A
986,QLearningPlayer,276,56,332,0,56,Player A
987,QLearningPlayer,308,48,356,0,48,Player A
988,QLearningPlayer,288,53,341,0,53,Player A
989,QLearningPlayer,308,48,356,0,48,Player A
990,QLearningPlayer,296,51,347,0,51,Player A
991,QLearningPlayer,308,48,356,0,48,Player A
992,QLearningPlayer,328,43,371,0,43,Player A
993,QLearningPlayer,288,53,341,0,53,Player A
994,QLearningPlayer,324,44,368,0,44,Player A
995,QLearningPlayer,320,45,365,0,45,Player A
996,QLearningPlayer,268,58,326,0,58,Player A
997,QLearningPlayer,284,54,338,0,54,Player A
998,QLearningPlayer,316,46,362,0,46,Player A
999,QLearningPlayer,292,52,344,0,52,Player A
1000,QLearningPlayer,264,59,323,0,59,Player A
1001,QLearningPlayer,312,47,359,0,47,Player A
1002,QLearningPlayer,312,47,359,0,47,Player A
1003,QLearningPlayer,272,57,329,0,57,Player A
1004,QLearningPlayer,320,45,365,0,45,Player A
1005,QLearningPlayer,320,45,365,0,45,Player A
1006,QLearningPlayer,308,48,356,0,48,Player A
1007,QLearningPlayer,288,53,341,0,53,Player A
1008,QLearningPlayer,304,49,353,0,49,Player A
1009,QLearningPlayer,288,53,341,0,53,Player A
1010,QLearningPlayer,324,44,368,0,44,Player A
1011,QLearningPlayer,316,46,362,0,46,Player A
1012,QLearningPlayer,332,42,374,0,42,Player A
1013,QLearningPlayer,264,59,323,0,59,Player A
1014,QLearningPlayer,316,46,362,0,46,Player A
1015,QLearningPlayer,292,52,344,0,52,Player A
1016,QLearningPlayer,296,51,347,0,51,Player A
1017,QLearningPlayer,300,50,350,0,50,Player A
1018,QLearningPlayer,320,45,365,0,45,Player A
1019,QLearningPlayer,264,59,323,0,59,Player A
1020,QLearningPlayer,304,49,353,0,49,Player A
1021,QLearningPlayer,320,45,365,0,45,Player A
1022,QLearningPlayer,308,48,356,0,48,Player A
1023,QLearningPlayer,300,50,350,0,50,Player A
1024,QLearningPlayer,276,56,332,0,56,Player A
1025,QLearningPlayer,300,50,350,0,50,Player A
1026,QLearningPlayer,316,46,362,0,46,Player A
1027,QLearningPlayer,308,48,356,0,48,Player A
1028,QLearningPlayer,320,45,365,0,45,Player A
1029,QLearningPlayer,304,49,353,0,49,Player A
1030,QLearningPlayer,284,54,338,0,54,Player A
1031,QLearningPlayer,308,48,356,0,48,Player A
1032,QLearningPlayer,272,57,329,0,57,Player A
1033,QLearningPlayer,300,50,350,0,50,Player A
1034,QLearningPlayer,284,54,338,0,54,Player A
1035,QLearningPlayer,296,51,347,0,51,Player A
1036,QLearningPlayer,268,58,326,0,58,Player A
1037,QLearningPlayer,292,52,344,0,52,Player A
1038,QLearningPlayer,328,43,371,0,43,Player A
1039,QLearningPlayer,276,56,332,0,56,Player A
1040,QLearningPlayer,296,51,347,0,51,Player A
1041,QLearningPlayer,320,45,365,0,45,Player A
1042,QLearningPlayer,312,47,359,0,47,Player A
1043,QLearningPlayer,312,47,359,0,47,Player A
1044,QLearningPlayer,296,51,347,0,51,Player A
1045,QLearningPlayer,312,47,359,0,47,Player A
1046,QLearningPlayer,264,59,323,0,59,Player A
1047,QLearningPlayer,292,52,344,0,52,Player A
1048,QLearningPlayer,308,48,356,0,48,Player A
1049,QLearningPlayer,344,39,383,0,39,Player A
1050,QLearningPlayer,324,44,368,0,44,Player A
1051,QLearningPlayer,304,49,353,0,49,Player A
1052,QLearningPlayer,284,54,338,0,54,Player A
1053,QLearningPlayer,332,42,374,0,42,Player A
1054,QLearningPlayer,272,57,329,0,57,Player A
1055,QLearningPlayer,292,52,344,0,52,Player A
1056,QLearningPlayer,296,51,347,0,51,Player A
1057,QLearningPlayer,292,52,344,0,52,Player A
1058,QLearningPlayer,308,48,356,0,48,Player A
1059,QLearningPlayer,272,57,329,0,57,Player A
1060,QLearningPlayer,324,44,368,0,44,Player A
1061,QLearningPlayer,316,46,362,0,46,Player A
1062,QLearningPlayer,280,55,335,0,55,Player A
1063,QLearningPlayer,332,42,374,0,42,Player A
1064,QLearningPlayer,272,57,329,0,57,Player A
1065,QLearningPlayer,320,45,365,0,45,Player A
1066,QLearningPlayer,300,50,350,0,50,Player A
1067,QLearningPlayer,288,53,341,0,53,Player A
1068,QLearningPlayer,284,54,338,0,54,Player A
1069,QLearningPlayer,272,57,329,0,57,Player A
1070,QLearningPlayer,344,39,383,0,39,Player A
1071,QLearningPlayer,332,42,374,0,42,Player A
1072,QLearningPlayer,272,57,329,0,57,Player A
1073,QLearningPlayer,300,50,350,0,50,Player A
1074,QLearningPlayer,268,58,326,0,58,Player A
1075,QLearningPlayer,320,45,365,0,45,Player A
1076,QLearningPlayer,324,44,368,0,44,Player A
1077,QLearningPlayer,292,52,344,0,52,Player A
1078,QLearningPlayer,276,56,332,0,56,Player A
1079,QLearningPlayer,300,50,350,0,50,Player A
1080,QLearningPlayer,340,40,380,0,40,Player A
1081,QLearningPlayer,284,54,338,0,54,Player A
1082,QLearningPlayer,336,41,377,0,41,Player A
1083,QLearningPlayer,340,40,380,0,40,Player A
1084,QLearningPlayer,308,48,356,0,48,Player A
1085,QLearningPlayer,304,49,353,0,49,Player A
1086,QLearningPlayer,308,48,356,0,48,Player A
1087,QLearningPlayer,312,47,359,0,47,Player A
1088,QLearningPlayer,300,50,350,0,50,Player A
1089,QLearningPlayer,284,54,338,0,54,Player A
1090,QLearningPlayer,312,47,359,0,47,Player A
1091,QLearningPlayer,292,52,344,0,52,Player A
1092,QLearningPlayer,288,53,341,0,53,Player A
1093,QLearningPlayer,308,48,356,0,48,Player A
1094,QLearningPlayer,336,41,377,0,41,Player A
1095,QLearningPlayer,280,55,335,0,55,Player A
1096,QLearningPlayer,308,48,356,0,48,Player A
1097,QLearningPlayer,340,40,380,0,40,Player A
1098,QLearningPlayer,324,44,368,0,44,Player A
1099,QLearningPlayer,304,49,353,0,49,Player A
1100,QLearningPlayer,308,48,356,0,48,Player A
0,PatternLearningPlayer,108,98,206,0,98,Player A
1,PatternLearningPlayer,108,98,206,0,98,Player A
2,PatternLearningPlayer,112,97,209,0,97,Player A
3,PatternLearningPlayer,112,97,209,0,97,Player A
4,PatternLearningPlayer,112,97,209,0,97,Player A
5,PatternLearningPlayer,108,98,206,0,98,Player A
6,PatternLearningPlayer,104,99,203,0,99,Player A
7,PatternLearningPlayer,104,99,203,0,99,Player A
8,PatternLearningPlayer,112,97,209,0,97,Player A
9,PatternLearningPlayer,108,98,206,0,98,Player A
10,PatternLearningPlayer,112,97,209,0,97,Player A
11,PatternLearningPlayer,112,97,209,0,97,Player A
12,PatternLearningPlayer,112,97,209,0,97,Player A
13,PatternLearningPlayer,108,98,206,0,98,Player A
14,PatternLearningPlayer,104,99,203,0,99,Player A
15,PatternLearningPlayer,112,97,209,0,97,Player A
16,PatternLearningPlayer,112,97,209,0,97,Player A
17,PatternLearningPlayer,104,99,203,0,99,Player A
18,PatternLearningPlayer,112,97,209,0,97,Player A
19,PatternLearningPlayer,112,97,209,0,97,Player A
20,PatternLearningPlayer,108,98,206,0,98,Player A
21,PatternLearningPlayer,108,98,206,0,98,Player A
0,TitForTat,104,99,203,0,99,Player A
1,TitForTat,100,100,200,0,100,Tie
2,TitForTat,100,100,200,0,100,Tie
3,TitForTat,100,100,200,0,100,Tie
4,TitForTat,100,100,200,0,100,Tie
5,TitForTat,100,100,200,0,100,Tie
6,TitForTat,100,100,200,0,100,Tie
7,TitForTat,100,100,200,0,100,Tie
8,TitForTat,100,100,200,0,100,Tie
9,TitForTat,100,100,200,0,100,Tie
10,TitForTat,100,100,200,0,100,Tie
0,Bayesian,112,97,209,0,97,Player A
1,Bayesian,100,100,200,0,100,Tie
2,Bayesian,104,99,203,0,99,Player A
3,Bayesian,104,99,203,0,99,Player A
4,Bayesian,100,100,200,0,100,Tie
5,Bayesian,100,100,200,0,100,Tie
6,Bayesian,100,100,200,0,100,Tie
7,Bayesian,100,100,200,0,100,Tie
8,Bayesian,100,100,200,0,100,Tie
9,Bayesian,100,100,200,0,100,Tie
10,Bayesian,100,100,200,0,100,Tie
11,Bayesian,100,100,200,0,100,Tie
12,Bayesian,100,100,200,0,100,Tie
13,Bayesian,100,100,200,0,100,Tie
14,Bayesian,100,100,200,0,100,Tie
15,Bayesian,100,100,200,0,100,Tie
16,Bayesian,100,100,200,0,100,Tie
17,Bayesian,104,99,203,0,99,Player A
18,Bayesian,100,100,200,0,100,Tie
19,Bayesian,100,100,200,0,100,Tie
20,Bayesian,100,100,200,0,100,Tie
21,Bayesian,100,100,200,0,100,Tie
22,Bayesian,100,100,200,0,100,Tie
23,Bayesian,100,100,200,0,100,Tie
24,Bayesian,100,100,200,0,100,Tie
25,Bayesian,100,100,200,0,100,Tie
26,Bayesian,100,100,200,0,100,Tie
27,Bayesian,100,100,200,0,100,Tie
28,Bayesian,100,100,200,0,100,Tie
29,Bayesian,100,100,200,0,100,Tie
30,Bayesian,100,100,200,0,100,Tie
31,Bayesian,100,100,200,0,100,Tie
32,Bayesian,100,100,200,0,100,Tie
0,UCBPlayer,124,94,218,0,94,Player A
1,UCBPlayer,124,94,218,0,94,Player A
2,UCBPlayer,124,94,218,0,94,Player A
3,UCBPlayer,124,94,218,0,94,Player A
4,UCBPlayer,124,94,218,0,94,Player A
5,UCBPlayer,124,94,218,0,94,Player A
6,UCBPlayer,124,94,218,0,94,Player A
7,UCBPlayer,120,95,215,0,95,Player A
8,UCBPlayer,124,94,218,0,94,Player A
9,UCBPlayer,124,94,218,0,94,Player A
10,UCBPlayer,124,94,218,0,94,Player A
0,JointPQPlayer,364,34,398,0,34,Player A
1,JointPQPlayer,332,42,374,0,42,Player A
2,JointPQPlayer,392,27,419,0,27,Player A
3,JointPQPlayer,396,26,422,0,26,Player A
4,JointPQPlayer,360,35,395,0,35,Player A
5,JointPQPlayer,400,25,425,0,25,Player A
6,JointPQPlayer,396,26,422,0,26,Player A
7,JointPQPlayer,360,35,395,0,35,Player A
8,JointPQPlayer,392,27,419,0,27,Player A
9,JointPQPlayer,344,39,383,0,39,Player A
10,JointPQPlayer,368,33,401,0,33,Player A
11,JointPQPlayer,392,27,419,0,27,Player A
12,JointPQPlayer,356,36,392,0,36,Player A
13,JointPQPlayer,380,30,410,0,30,Player A
14,JointPQPlayer,384,29,413,0,29,Player A
15,JointPQPlayer,316,46,362,0,46,Player A
16,JointPQPlayer,384,29,413,0,29,Player A
17,JointPQPlayer,348,38,386,0,38,Player A
18,JointPQPlayer,396,26,422,0,26,Player A
19,JointPQPlayer,384,29,413,0,29,Player A
20,JointPQPlayer,400,25,425,0,25,Player A
21,JointPQPlayer,380,30,410,0,30,Player A
22,JointPQPlayer,380,30,410,0,30,Player A
23,JointPQPlayer,388,28,416,0,28,Player A
24,JointPQPlayer,404,24,428,0,24,Player A
25,JointPQPlayer,380,30,410,0,30,Player A
26,JointPQPlayer,376,31,407,0,31,Player A
27,JointPQPlayer,408,23,431,0,23,Player A
28,JointPQPlayer,416,21,437,0,21,Player A
29,JointPQPlayer,384,29,413,0,29,Player A
30,JointPQPlayer,396,26,422,0,26,Player A
31,JointPQPlayer,336,41,377,0,41,Player A
32,JointPQPlayer,388,28,416,0,28,Player A
33,JointPQPlayer,388,28,416,0,28,Player A
34,JointPQPlayer,396,26,422,0,26,Player A
35,JointPQPlayer,360,35,395,0,35,Player A
36,JointPQPlayer,384,29,413,0,29,Player A
37,JointPQPlayer,368,33,401,0,33,Player A
38,JointPQPlayer,372,32,404,0,32,Player A
39,JointPQPlayer,404,24,428,0,24,Player A
40,JointPQPlayer,348,38,386,0,38,Player A
41,JointPQPlayer,376,31,407,0,31,Player A
42,JointPQPlayer,372,32,404,0,32,Player A
43,JointPQPlayer,380,30,410,0,30,Player A
44,JointPQPlayer,368,33,401,0,33,Player A
45,JointPQPlayer,416,21,437,0,21,Player A
46,JointPQPlayer,356,36,392,0,36,Player A
47,JointPQPlayer,420,20,440,0,20,Player A
48,JointPQPlayer,396,26,422,0,26,Player A
49,JointPQPlayer,364,34,398,0,34,Player A
50,JointPQPlayer,400,25,425,0,25,Player A
51,JointPQPlayer,400,25,425,0,25,Player A
52,JointPQPlayer,368,33,401,0,33,Player A
53,JointPQPlayer,380,30,410,0,30,Player A
54,JointPQPlayer,372,32,404,0,32,Player A
55,JointPQPlayer,384,29,413,0,29,Player A
56,JointPQPlayer,368,33,401,0,33,Player A
57,JointPQPlayer,336,41,377,0,41,Player A
58,JointPQPlayer,376,31,407,0,31,Player A
59,JointPQPlayer,356,36,392,0,36,Player A
60,JointPQPlayer,380,30,410,0,30,Player A
61,JointPQPlayer,368,33,401,0,33,Player A
62,JointPQPlayer,340,40,380,0,40,Player A
63,JointPQPlayer,376,31,407,0,31,Player A
64,JointPQPlayer,376,31,407,0,31,Player A
65,JointPQPlayer,388,28,416,0,28,Player A
66,JointPQPlayer,388,28,416,0,28,Player A
67,JointPQPlayer,384,29,413,0,29,Player A
68,JointPQPlayer,384,29,413,0,29,Player A
69,JointPQPlayer,316,46,362,0,46,Player A
70,JointPQPlayer,380,30,410,0,30,Player A
71,JointPQPlayer,392,27,419,0,27,Player A
72,JointPQPlayer,360,35,395,0,35,Player A
73,JointPQPlayer,372,32,404,0,32,Player A
74,JointPQPlayer,348,38,386,0,38,Player A
75,JointPQPlayer,380,30,410,0,30,Player A
76,JointPQPlayer,216,71,287,0,71,Player A
77,JointPQPlayer,360,35,395,0,35,Player A
78,JointPQPlayer,360,35,395,0,35,Player A
79,JointPQPlayer,388,28,416,0,28,Player A
80,JointPQPlayer,372,32,404,0,32,Player A
81,JointPQPlayer,400,25,425,0,25,Player A
82,JointPQPlayer,396,26,422,0,26,Player A
83,JointPQPlayer,344,39,383,0,39,Player A
84,JointPQPlayer,404,24,428,0,24,Player A
85,JointPQPlayer,404,24,428,0,24,Player A
86,JointPQPlayer,404,24,428,0,24,Player A
87,JointPQPlayer,384,29,413,0,29,Player A
88,JointPQPlayer,336,41,377,0,41,Player A
89,JointPQPlayer,372,32,404,0,32,Player A
90,JointPQPlayer,380,30,410,0,30,Player A
91,JointPQPlayer,376,31,407,0,31,Player A
92,JointPQPlayer,384,29,413,0,29,Player A
93,JointPQPlayer,356,36,392,0,36,Player A
94,JointPQPlayer,340,40,380,0,40,Player A
95,JointPQPlayer,364,34,398,0,34,Player A
96,JointPQPlayer,400,25,425,0,25,Player A
97,JointPQPlayer,360,35,395,0,35,Player A
98,JointPQPlayer,376,31,407,0,31,Player A
99,JointPQPlayer,384,29,413,0,29,Player A
100,JointPQPlayer,396,26,422,0,26,Player A
101,JointPQPlayer,380,30,410,0,30,Player A
102,JointPQPlayer,388,28,416,0,28,Player A
103,JointPQPlayer,364,34,398,0,34,Player A
104,JointPQPlayer,340,40,380,0,40,Player A
105,JointPQPlayer,420,20,440,0,20,Player A
106,JointPQPlayer,376,31,407,0,31,Player A
107,JointPQPlayer,380,30,410,0,30,Player A
108,JointPQPlayer,400,25,425,0,25,Player A
109,JointPQPlayer,360,35,395,0,35,Player A
110,JointPQPlayer,376,31,407,0,31,Player A
111,JointPQPlayer,388,28,416,0,28,Player A
112,JointPQPlayer,344,39,383,0,39,Player A
113,JointPQPlayer,360,35,395,0,35,Player A
114,JointPQPlayer,372,32,404,0,32,Player A
115,JointPQPlayer,364,34,398,0,34,Player A
116,JointPQPlayer,380,30,410,0,30,Player A
117,JointPQPlayer,360,35,395,0,35,Player A
118,JointPQPlayer,360,35,395,0,35,Player A
119,JointPQPlayer,372,32,404,0,32,Player A
120,JointPQPlayer,396,26,422,0,26,Player A
121,JointPQPlayer,380,30,410,0,30,Player A
122,JointPQPlayer,388,28,416,0,28,Player A
123,JointPQPlayer,332,42,374,0,42,Player A
124,JointPQPlayer,348,38,386,0,38,Player A
125,JointPQPlayer,312,47,359,0,47,Player A
126,JointPQPlayer,372,32,404,0,32,Player A
127,JointPQPlayer,424,19,443,0,19,Player A
128,JointPQPlayer,408,23,431,0,23,Player A
129,JointPQPlayer,356,36,392,0,36,Player A
130,JointPQPlayer,368,33,401,0,33,Player A
131,JointPQPlayer,396,26,422,0,26,Player A
132,JointPQPlayer,368,33,401,0,33,Player A
133,JointPQPlayer,388,28,416,0,28,Player A
134,JointPQPlayer,372,32,404,0,32,Player A
135,JointPQPlayer,372,32,404,0,32,Player A
136,JointPQPlayer,416,21,437,0,21,Player A
137,JointPQPlayer,328,43,371,0,43,Player A
138,JointPQPlayer,376,31,407,0,31,Player A
139,JointPQPlayer,396,26,422,0,26,Player A
140,JointPQPlayer,400,25,425,0,25,Player A
141,JointPQPlayer,328,43,371,0,43,Player A
142,JointPQPlayer,360,35,395,0,35,Player A
143,JointPQPlayer,356,36,392,0,36,Player A
144,JointPQPlayer,360,35,395,0,35,Player A
145,JointPQPlayer,404,24,428,0,24,Player A
146,JointPQPlayer,380,30,410,0,30,Player A
147,JointPQPlayer,384,29,413,0,29,Player A
148,JointPQPlayer,344,39,383,0,39,Player A
149,JointPQPlayer,336,41,377,0,41,Player A
150,JointPQPlayer,392,27,419,0,27,Player A
151,JointPQPlayer,360,35,395,0,35,Player A
152,JointPQPlayer,396,26,422,0,26,Player A
153,JointPQPlayer,364,34,398,0,34,Player A
154,JointPQPlayer,384,29,413,0,29,Player A
155,JointPQPlayer,396,26,422,0,26,Player A
156,JointPQPlayer,340,40,380,0,40,Player A
157,JointPQPlayer,404,24,428,0,24,Player A
158,JointPQPlayer,400,25,425,0,25,Player A
159,JointPQPlayer,376,31,407,0,31,Player A
160,JointPQPlayer,408,23,431,0,23,Player A
161,JointPQPlayer,392,27,419,0,27,Player A
162,JointPQPlayer,396,26,422,0,26,Player A
163,JointPQPlayer,396,26,422,0,26,Player A
164,JointPQPlayer,368,33,401,0,33,Player A
165,JointPQPlayer,292,52,344,0,52,Player A
166,JointPQPlayer,372,32,404,0,32,Player A
167,JointPQPlayer,384,29,413,0,29,Player A
168,JointPQPlayer,380,30,410,0,30,Player A
169,JointPQPlayer,388,28,416,0,28,Player A
170,JointPQPlayer,360,35,395,0,35,Player A
171,JointPQPlayer,352,37,389,0,37,Player A
172,JointPQPlayer,320,45,365,0,45,Player A
173,JointPQPlayer,344,39,383,0,39,Player A
174,JointPQPlayer,344,39,383,0,39,Player A
175,JointPQPlayer,348,38,386,0,38,Player A
176,JointPQPlayer,356,36,392,0,36,Player A
177,JointPQPlayer,388,28,416,0,28,Player A
178,JointPQPlayer,376,31,407,0,31,Player A
179,JointPQPlayer,380,30,410,0,30,Player A
180,JointPQPlayer,340,40,380,0,40,Player A
181,JointPQPlayer,376,31,407,0,31,Player A
182,JointPQPlayer,344,39,383,0,39,Player A
183,JointPQPlayer,352,37,389,0,37,Player A
184,JointPQPlayer,376,31,407,0,31,Player A
185,JointPQPlayer,396,26,422,0,26,Player A
186,JointPQPlayer,412,22,434,0,22,Player A
187,JointPQPlayer,356,36,392,0,36,Player A
188,JointPQPlayer,340,40,380,0,40,Player A
189,JointPQPlayer,376,31,407,0,31,Player A
190,JointPQPlayer,384,29,413,0,29,Player A
191,JointPQPlayer,328,43,371,0,43,Player A
192,JointPQPlayer,400,25,425,0,25,Player A
193,JointPQPlayer,368,33,401,0,33,Player A
194,JointPQPlayer,348,38,386,0,38,Player A
195,JointPQPlayer,388,28,416,0,28,Player A
196,JointPQPlayer,348,38,386,0,38,Player A
197,JointPQPlayer,352,37,389,0,37,Player A
198,JointPQPlayer,412,22,434,0,22,Player A
199,JointPQPlayer,372,32,404,0,32,Player A
200,JointPQPlayer,364,34,398,0,34,Player A
201,JointPQPlayer,376,31,407,0,31,Player A
202,JointPQPlayer,340,40,380,0,40,Player A
203,JointPQPlayer,372,32,404,0,32,Player A
204,JointPQPlayer,324,44,368,0,44,Player A
205,JointPQPlayer,340,40,380,0,40,Player A
206,JointPQPlayer,368,33,401,0,33,Player A
207,JointPQPlayer,368,33,401,0,33,Player A
208,JointPQPlayer,280,55,335,0,55,Player A
209,JointPQPlayer,360,35,395,0,35,Player A
210,JointPQPlayer,328,43,371,0,43,Player A
211,JointPQPlayer,392,27,419,0,27,Player A
212,JointPQPlayer,408,23,431,0,23,Player A
213,JointPQPlayer,332,42,374,0,42,Player A
214,JointPQPlayer,392,27,419,0,27,Player A
215,JointPQPlayer,364,34,398,0,34,Player A
216,JointPQPlayer,376,31,407,0,31,Player A
217,JointPQPlayer,384,29,413,0,29,Player A
218,JointPQPlayer,380,30,410,0,30,Player A
219,JointPQPlayer,364,34,398,0,34,Player A
220,JointPQPlayer,400,25,425,0,25,Player A
221,JointPQPlayer,304,49,353,0,49,Player A
222,JointPQPlayer,416,21,437,0,21,Player A
223,JointPQPlayer,384,29,413,0,29,Player A
224,JointPQPlayer,384,29,413,0,29,Player A
225,JointPQPlayer,228,68,296,0,68,Player A
226,JointPQPlayer,388,28,416,0,28,Player A
227,JointPQPlayer,388,28,416,0,28,Player A
228,JointPQPlayer,316,46,362,0,46,Player A
229,JointPQPlayer,392,27,419,0,27,Player A
230,JointPQPlayer,372,32,404,0,32,Player A
231,JointPQPlayer,360,35,395,0,35,Player A
232,JointPQPlayer,360,35,395,0,35,Player A
233,JointPQPlayer,344,39,383,0,39,Player A
234,JointPQPlayer,392,27,419,0,27,Player A
235,JointPQPlayer,372,32,404,0,32,Player A
236,JointPQPlayer,392,27,419,0,27,Player A
237,JointPQPlayer,380,30,410,0,30,Player A
238,JointPQPlayer,320,45,365,0,45,Player A
239,JointPQPlayer,380,30,410,0,30,Player A
240,JointPQPlayer,396,26,422,0,26,Player A
241,JointPQPlayer,364,34,398,0,34,Player A
242,JointPQPlayer,384,29,413,0,29,Player A
243,JointPQPlayer,400,25,425,0,25,Player A
244,JointPQPlayer,388,28,416,0,28,Player A
245,JointPQPlayer,400,25,425,0,25,Player A
246,JointPQPlayer,388,28,416,0,28,Player A
247,JointPQPlayer,348,38,386,0,38,Player A
248,JointPQPlayer,376,31,407,0,31,Player A
249,JointPQPlayer,324,44,368,0,44,Player A
250,JointPQPlayer,228,68,296,0,68,Player A
251,JointPQPlayer,380,30,410,0,30,Player A
252,JointPQPlayer,348,38,386,0,38,Player A
253,JointPQPlayer,380,30,410,0,30,Player A
254,JointPQPlayer,364,34,398,0,34,Player A
255,JointPQPlayer,284,54,338,0,54,Player A
256,JointPQPlayer,412,22,434,0,22,Player A
257,JointPQPlayer,392,27,419,0,27,Player A
258,JointPQPlayer,396,26,422,0,26,Player A
259,JointPQPlayer,368,33,401,0,33,Player A
260,JointPQPlayer,384,29,413,0,29,Player A
261,JointPQPlayer,392,27,419,0,27,Player A
262,JointPQPlayer,368,33,401,0,33,Player A
263,JointPQPlayer,400,25,425,0,25,Player A
264,JointPQPlayer,392,27,419,0,27,Player A
265,JointPQPlayer,192,77,269,0,77,Player A
266,JointPQPlayer,344,39,383,0,39,Player A
267,JointPQPlayer,384,29,413,0,29,Player A
268,JointPQPlayer,376,31,407,0,31,Player A
269,JointPQPlayer,376,31,407,0,31,Player A
270,JointPQPlayer,392,27,419,0,27,Player A
271,JointPQPlayer,364,34,398,0,34,Player A
272,JointPQPlayer,364,34,398,0,34,Player A
273,JointPQPlayer,392,27,419,0,27,Player A
274,JointPQPlayer,344,39,383,0,39,Player A
275,JointPQPlayer,372,32,404,0,32,Player A
276,JointPQPlayer,392,27,419,0,27,Player A
277,JointPQPlayer,384,29,413,0,29,Player A
278,JointPQPlayer,376,31,407,0,31,Player A
279,JointPQPlayer,368,33,401,0,33,Player A
280,JointPQPlayer,412,22,434,0,22,Player A
281,JointPQPlayer,368,33,401,0,33,Player A
282,JointPQPlayer,392,27,419,0,27,Player A
283,JointPQPlayer,256,61,317,0,61,Player A
284,JointPQPlayer,376,31,407,0,31,Player A
285,JointPQPlayer,396,26,422,0,26,Player A
286,JointPQPlayer,404,24,428,0,24,Player A
287,JointPQPlayer,372,32,404,0,32,Player A
288,JointPQPlayer,392,27,419,0,27,Player A
289,JointPQPlayer,372,32,404,0,32,Player A
290,JointPQPlayer,392,27,419,0,27,Player A
291,JointPQPlayer,388,28,416,0,28,Player A
292,JointPQPlayer,356,36,392,0,36,Player A
293,JointPQPlayer,380,30,410,0,30,Player A
294,JointPQPlayer,360,35,395,0,35,Player A
295,JointPQPlayer,272,57,329,0,57,Player A
296,JointPQPlayer,388,28,416,0,28,Player A
297,JointPQPlayer,336,41,377,0,41,Player A
298,JointPQPlayer,336,41,377,0,41,Player A
299,JointPQPlayer,404,24,428,0,24,Player A
300,JointPQPlayer,380,30,410,0,30,Player A
301,JointPQPlayer,348,38,386,0,38,Player A
302,JointPQPlayer,368,33,401,0,33,Player A
303,JointPQPlayer,388,28,416,0,28,Player A
304,JointPQPlayer,400,25,425,0,25,Player A
305,JointPQPlayer,380,30,410,0,30,Player A
306,JointPQPlayer,364,34,398,0,34,Player A
307,JointPQPlayer,368,33,401,0,33,Player A
308,JointPQPlayer,332,42,374,0,42,Player A
309,JointPQPlayer,388,28,416,0,28,Player A
310,JointPQPlayer,376,31,407,0,31,Player A
311,JointPQPlayer,376,31,407,0,31,Player A
312,JointPQPlayer,404,24,428,0,24,Player A
313,JointPQPlayer,356,36,392,0,36,Player A
314,JointPQPlayer,364,34,398,0,34,Player A
315,JointPQPlayer,336,41,377,0,41,Player A
316,JointPQPlayer,356,36,392,0,36,Player A
317,JointPQPlayer,396,26,422,0,26,Player A
318,JointPQPlayer,408,23,431,0,23,Player A
319,JointPQPlayer,344,39,383,0,39,Player A
320,JointPQPlayer,348,38,386,0,38,Player A
321,JointPQPlayer,384,29,413,0,29,Player A
322,JointPQPlayer,372,32,404,0,32,Player A
323,JointPQPlayer,324,44,368,0,44,Player A
324,JointPQPlayer,352,37,389,0,37,Player A
325,JointPQPlayer,384,29,413,0,29,Player A
326,JointPQPlayer,376,31,407,0,31,Player A
327,JointPQPlayer,400,25,425,0,25,Player A
328,JointPQPlayer,372,32,404,0,32,Player A
329,JointPQPlayer,400,25,425,0,25,Player A
330,JointPQPlayer,380,30,410,0,30,Player A
331,JointPQPlayer,392,27,419,0,27,Player A
332,JointPQPlayer,364,34,398,0,34,Player A
333,JointPQPlayer,372,32,404,0,32,Player A
334,JointPQPlayer,384,29,413,0,29,Player A
335,JointPQPlayer,368,33,401,0,33,Player A
336,JointPQPlayer,348,38,386,0,38,Player A
337,JointPQPlayer,376,31,407,0,31,Player A
338,JointPQPlayer,344,39,383,0,39,Player A
339,JointPQPlayer,344,39,383,0,39,Player A
340,JointPQPlayer,380,30,410,0,30,Player A
341,JointPQPlayer,376,31,407,0,31,Player A
342,JointPQPlayer,392,27,419,0,27,Player A
343,JointPQPlayer,372,32,404,0,32,Player A
344,JointPQPlayer,388,28,416,0,28,Player A
345,JointPQPlayer,360,35,395,0,35,Player A
346,JointPQPlayer,404,24,428,0,24,Player A
347,JointPQPlayer,312,47,359,0,47,Player A
348,JointPQPlayer,392,27,419,0,27,Player A
349,JointPQPlayer,372,32,404,0,32,Player A
350,JointPQPlayer,392,27,419,0,27,Player A
351,JointPQPlayer,404,24,428,0,24,Player A
352,JointPQPlayer,404,24,428,0,24,Player A
353,JointPQPlayer,372,32,404,0,32,Player A
354,JointPQPlayer,368,33,401,0,33,Player A
355,JointPQPlayer,368,33,401,0,33,Player A
356,JointPQPlayer,388,28,416,0,28,Player A
357,JointPQPlayer,408,23,431,0,23,Player A
358,JointPQPlayer,364,34,398,0,34,Player A
359,JointPQPlayer,368,33,401,0,33,Player A
360,JointPQPlayer,344,39,383,0,39,Player A
361,JointPQPlayer,360,35,395,0,35,Player A
362,JointPQPlayer,404,24,428,0,24,Player A
363,JointPQPlayer,412,22,434,0,22,Player A
364,JointPQPlayer,360,35,395,0,35,Player A
365,JointPQPlayer,360,35,395,0,35,Player A
366,JointPQPlayer,404,24,428,0,24,Player A
367,JointPQPlayer,392,27,419,0,27,Player A
368,JointPQPlayer,364,34,398,0,34,Player A
369,JointPQPlayer,364,34,398,0,34,Player A
370,JointPQPlayer,388,28,416,0,28,Player A
371,JointPQPlayer,364,34,398,0,34,Player A
372,JointPQPlayer,380,30,410,0,30,Player A
373,JointPQPlayer,372,32,404,0,32,Player A
374,JointPQPlayer,408,23,431,0,23,Player A
375,JointPQPlayer,360,35,395,0,35,Player A
376,JointPQPlayer,404,24,428,0,24,Player A
377,JointPQPlayer,360,35,395,0,35,Player A
378,JointPQPlayer,408,23,431,0,23,Player A
379,JointPQPlayer,400,25,425,0,25,Player A
380,JointPQPlayer,352,37,389,0,37,Player A
381,JointPQPlayer,368,33,401,0,33,Player A
382,JointPQPlayer,376,31,407,0,31,Player A
383,JointPQPlayer,372,32,404,0,32,Player A
384,JointPQPlayer,376,31,407,0,31,Player A
385,JointPQPlayer,376,31,407,0,31,Player A
386,JointPQPlayer,404,24,428,0,24,Player A
387,JointPQPlayer,360,35,395,0,35,Player A
388,JointPQPlayer,356,36,392,0,36,Player A
389,JointPQPlayer,380,30,410,0,30,Player A
390,JointPQPlayer,392,27,419,0,27,Player A
391,JointPQPlayer,380,30,410,0,30,Player A
392,JointPQPlayer,384,29,413,0,29,Player A
393,JointPQPlayer,376,31,407,0,31,Player A
394,JointPQPlayer,368,33,401,0,33,Player A
395,JointPQPlayer,376,31,407,0,31,Player A
396,JointPQPlayer,332,42,374,0,42,Player A
397,JointPQPlayer,392,27,419,0,27,Player A
398,JointPQPlayer,372,32,404,0,32,Player A
399,JointPQPlayer,380,30,410,0,30,Player A
400,JointPQPlayer,396,26,422,0,26,Player A
401,JointPQPlayer,364,34,398,0,34,Player A
402,JointPQPlayer,392,27,419,0,27,Player A
403,JointPQPlayer,404,24,428,0,24,Player A
404,JointPQPlayer,364,34,398,0,34,Player A
405,JointPQPlayer,364,34,398,0,34,Player A
406,JointPQPlayer,404,24,428,0,24,Player A
407,JointPQPlayer,384,29,413,0,29,Player A
408,JointPQPlayer,384,29,413,0,29,Player A
409,JointPQPlayer,376,31,407,0,31,Player A
410,JointPQPlayer,372,32,404,0,32,Player A
411,JointPQPlayer,396,26,422,0,26,Player A
412,JointPQPlayer,400,25,425,0,25,Player A
413,JointPQPlayer,388,28,416,0,28,Player A
414,JointPQPlayer,368,33,401,0,33,Player A
415,JointPQPlayer,404,24,428,0,24,Player A
416,JointPQPlayer,372,32,404,0,32,Player A
417,JointPQPlayer,376,31,407,0,31,Player A
418,JointPQPlayer,308,48,356,0,48,Player A
419,JointPQPlayer,352,37,389,0,37,Player A
420,JointPQPlayer,380,30,410,0,30,Player A
421,JointPQPlayer,376,31,407,0,31,Player A
422,JointPQPlayer,368,33,401,0,33,Player A
423,JointPQPlayer,340,40,380,0,40,Player A
424,JointPQPlayer,372,32,404,0,32,Player A
425,JointPQPlayer,372,32,404,0,32,Player A
426,JointPQPlayer,360,35,395,0,35,Player A
427,JointPQPlayer,400,25,425,0,25,Player A
428,JointPQPlayer,368,33,401,0,33,Player A
429,JointPQPlayer,384,29,413,0,29,Player A
430,JointPQPlayer,384,29,413,0,29,Player A
431,JointPQPlayer,384,29,413,0,29,Player A
432,JointPQPlayer,356,36,392,0,36,Player A
433,JointPQPlayer,360,35,395,0,35,Player A
434,JointPQPlayer,372,32,404,0,32,Player A
435,JointPQPlayer,388,28,416,0,28,Player A
436,JointPQPlayer,376,31,407,0,31,Player A
437,JointPQPlayer,404,24,428,0,24,Player A
438,JointPQPlayer,364,34,398,0,34,Player A
439,JointPQPlayer,400,25,425,0,25,Player A
440,JointPQPlayer,364,34,398,0,34,Player A
441,JointPQPlayer,312,47,359,0,47,Player A
442,JointPQPlayer,412,22,434,0,22,Player A
443,JointPQPlayer,396,26,422,0,26,Player A
444,JointPQPlayer,368,33,401,0,33,Player A
445,JointPQPlayer,368,33,401,0,33,Player A
446,JointPQPlayer,384,29,413,0,29,Player A
447,JointPQPlayer,384,29,413,0,29,Player A
448,JointPQPlayer,364,34,398,0,34,Player A
449,JointPQPlayer,392,27,419,0,27,Player A
450,JointPQPlayer,384,29,413,0,29,Player A
451,JointPQPlayer,420,20,440,0,20,Player A
452,JointPQPlayer,344,39,383,0,39,Player A
453,JointPQPlayer,396,26,422,0,26,Player A
454,JointPQPlayer,368,33,401,0,33,Player A
455,JointPQPlayer,380,30,410,0,30,Player A
456,JointPQPlayer,356,36,392,0,36,Player A
457,JointPQPlayer,376,31,407,0,31,Player A
458,JointPQPlayer,372,32,404,0,32,Player A
459,JointPQPlayer,344,39,383,0,39,Player A
460,JointPQPlayer,360,35,395,0,35,Player A
461,JointPQPlayer,388,28,416,0,28,Player A
462,JointPQPlayer,368,33,401,0,33,Player A
463,JointPQPlayer,336,41,377,0,41,Player A
464,JointPQPlayer,372,32,404,0,32,Player A
465,JointPQPlayer,404,24,428,0,24,Player A
466,JointPQPlayer,404,24,428,0,24,Player A
467,JointPQPlayer,376,31,407,0,31,Player A
468,JointPQPlayer,368,33,401,0,33,Player A
469,JointPQPlayer,392,27,419,0,27,Player A
470,JointPQPlayer,344,39,383,0,39,Player A
471,JointPQPlayer,388,28,416,0,28,Player A
472,JointPQPlayer,388,28,416,0,28,Player A
473,JointPQPlayer,408,23,431,0,23,Player A
474,JointPQPlayer,332,42,374,0,42,Player A
475,JointPQPlayer,328,43,371,0,43,Player A
476,JointPQPlayer,356,36,392,0,36,Player A
477,JointPQPlayer,392,27,419,0,27,Player A
478,JointPQPlayer,412,22,434,0,22,Player A
479,JointPQPlayer,352,37,389,0,37,Player A
480,JointPQPlayer,364,34,398,0,34,Player A
481,JointPQPlayer,348,38,386,0,38,Player A
482,JointPQPlayer,380,30,410,0,30,Player A
483,JointPQPlayer,356,36,392,0,36,Player A
484,JointPQPlayer,388,28,416,0,28,Player A
485,JointPQPlayer,380,30,410,0,30,Player A
486,JointPQPlayer,344,39,383,0,39,Player A
487,JointPQPlayer,348,38,386,0,38,Player A
488,JointPQPlayer,372,32,404,0,32,Player A
489,JointPQPlayer,384,29,413,0,29,Player A
490,JointPQPlayer,356,36,392,0,36,Player A
491,JointPQPlayer,368,33,401,0,33,Player A
492,JointPQPlayer,380,30,410,0,30,Player A
493,JointPQPlayer,272,57,329,0,57,Player A
494,JointPQPlayer,332,42,374,0,42,Player A
495,JointPQPlayer,368,33,401,0,33,Player A
496,JointPQPlayer,380,30,410,0,30,Player A
497,JointPQPlayer,364,34,398,0,34,Player A
498,JointPQPlayer,380,30,410,0,30,Player A
499,JointPQPlayer,380,30,410,0,30,Player A
500,JointPQPlayer,376,31,407,0,31,Player A
501,JointPQPlayer,300,50,350,0,50,Player A
502,JointPQPlayer,396,26,422,0,26,Player A
503,JointPQPlayer,400,25,425,0,25,Player A
504,JointPQPlayer,364,34,398,0,34,Player A
505,JointPQPlayer,400,25,425,0,25,Player A
506,JointPQPlayer,380,30,410,0,30,Player A
507,JointPQPlayer,388,28,416,0,28,Player A
508,JointPQPlayer,360,35,395,0,35,Player A
509,JointPQPlayer,368,33,401,0,33,Player A
510,JointPQPlayer,388,28,416,0,28,Player A
511,JointPQPlayer,384,29,413,0,29,Player A
512,JointPQPlayer,408,23,431,0,23,Player A
513,JointPQPlayer,356,36,392,0,36,Player A
514,JointPQPlayer,348,38,386,0,38,Player A
515,JointPQPlayer,408,23,431,0,23,Player A
516,JointPQPlayer,384,29,413,0,29,Player A
517,JointPQPlayer,304,49,353,0,49,Player A
518,JointPQPlayer,356,36,392,0,36,Player A
519,JointPQPlayer,400,25,425,0,25,Player A
520,JointPQPlayer,396,26,422,0,26,Player A
521,JointPQPlayer,376,31,407,0,31,Player A
522,JointPQPlayer,396,26,422,0,26,Player A
523,JointPQPlayer,392,27,419,0,27,Player A
524,JointPQPlayer,368,33,401,0,33,Player A
525,JointPQPlayer,376,31,407,0,31,Player A
526,JointPQPlayer,404,24,428,0,24,Player A
527,JointPQPlayer,396,26,422,0,26,Player A
528,JointPQPlayer,392,27,419,0,27,Player A
529,JointPQPlayer,384,29,413,0,29,Player A
530,JointPQPlayer,372,32,404,0,32,Player A
531,JointPQPlayer,404,24,428,0,24,Player A
532,JointPQPlayer,388,28,416,0,28,Player A
533,JointPQPlayer,368,33,401,0,33,Player A
534,JointPQPlayer,384,29,413,0,29,Player A
535,JointPQPlayer,356,36,392,0,36,Player A
536,JointPQPlayer,384,29,413,0,29,Player A
537,JointPQPlayer,364,34,398,0,34,Player A
538,JointPQPlayer,392,27,419,0,27,Player A
539,JointPQPlayer,400,25,425,0,25,Player A
540,JointPQPlayer,408,23,431,0,23,Player A
541,JointPQPlayer,400,25,425,0,25,Player A
542,JointPQPlayer,360,35,395,0,35,Player A
543,JointPQPlayer,412,22,434,0,22,Player A
544,JointPQPlayer,324,44,368,0,44,Player A
545,JointPQPlayer,372,32,404,0,32,Player A
546,JointPQPlayer,356,36,392,0,36,Player A
547,JointPQPlayer,336,41,377,0,41,Player A
548,JointPQPlayer,364,34,398,0,34,Player A
549,JointPQPlayer,416,21,437,0,21,Player A
550,JointPQPlayer,360,35,395,0,35,Player A
551,JointPQPlayer,392,27,419,0,27,Player A
552,JointPQPlayer,384,29,413,0,29,Player A
553,JointPQPlayer,400,25,425,0,25,Player A
554,JointPQPlayer,372,32,404,0,32,Player A
555,JointPQPlayer,400,25,425,0,25,Player A
556,JointPQPlayer,400,25,425,0,25,Player A
557,JointPQPlayer,384,29,413,0,29,Player A
558,JointPQPlayer,380,30,410,0,30,Player A
559,JointPQPlayer,360,35,395,0,35,Player A
560,JointPQPlayer,340,40,380,0,40,Player A
561,JointPQPlayer,400,25,425,0,25,Player A
562,JointPQPlayer,384,29,413,0,29,Player A
563,JointPQPlayer,376,31,407,0,31,Player A
564,JointPQPlayer,388,28,416,0,28,Player A
565,JointPQPlayer,380,30,410,0,30,Player A
566,JointPQPlayer,400,25,425,0,25,Player A
567,JointPQPlayer,368,33,401,0,33,Player A
568,JointPQPlayer,372,32,404,0,32,Player A
569,JointPQPlayer,356,36,392,0,36,Player A
570,JointPQPlayer,384,29,413,0,29,Player A
571,JointPQPlayer,352,37,389,0,37,Player A
572,JointPQPlayer,372,32,404,0,32,Player A
573,JointPQPlayer,348,38,386,0,38,Player A
574,JointPQPlayer,356,36,392,0,36,Player A
575,JointPQPlayer,388,28,416,0,28,Player A
576,JointPQPlayer,364,34,398,0,34,Player A
577,JointPQPlayer,328,43,371,0,43,Player A
578,JointPQPlayer,408,23,431,0,23,Player A
579,JointPQPlayer,384,29,413,0,29,Player A
580,JointPQPlayer,368,33,401,0,33,Player A
581,JointPQPlayer,372,32,404,0,32,Player A
582,JointPQPlayer,364,34,398,0,34,Player A
583,JointPQPlayer,376,31,407,0,31,Player A
584,JointPQPlayer,400,25,425,0,25,Player A
585,JointPQPlayer,344,39,383,0,39,Player A
586,JointPQPlayer,388,28,416,0,28,Player A
587,JointPQPlayer,344,39,383,0,39,Player A
588,JointPQPlayer,312,47,359,0,47,Player A
589,JointPQPlayer,268,58,326,0,58,Player A
590,JointPQPlayer,392,27,419,0,27,Player A
591,JointPQPlayer,344,39,383,0,39,Player A
592,JointPQPlayer,384,29,413,0,29,Player A
593,JointPQPlayer,404,24,428,0,24,Player A
594,JointPQPlayer,380,30,410,0,30,Player A
595,JointPQPlayer,360,35,395,0,35,Player A
596,JointPQPlayer,364,34,398,0,34,Player A
597,JointPQPlayer,376,31,407,0,31,Player A
598,JointPQPlayer,380,30,410,0,30,Player A
599,JointPQPlayer,396,26,422,0,26,Player A
600,JointPQPlayer,384,29,413,0,29,Player A
601,JointPQPlayer,400,25,425,0,25,Player A
602,JointPQPlayer,380,30,410,0,30,Player A
603,JointPQPlayer,384,29,413,0,29,Player A
604,JointPQPlayer,352,37,389,0,37,Player A
605,JointPQPlayer,372,32,404,0,32,Player A
606,JointPQPlayer,364,34,398,0,34,Player A
607,JointPQPlayer,404,24,428,0,24,Player A
608,JointPQPlayer,396,26,422,0,26,Player A
609,JointPQPlayer,404,24,428,0,24,Player A
610,JointPQPlayer,424,19,443,0,19,Player A
611,JointPQPlayer,400,25,425,0,25,Player A
612,JointPQPlayer,368,33,401,0,33,Player A
613,JointPQPlayer,372,32,404,0,32,Player A
614,JointPQPlayer,356,36,392,0,36,Player A
615,JointPQPlayer,288,53,341,0,53,Player A
616,JointPQPlayer,344,39,383,0,39,Player A
617,JointPQPlayer,372,32,404,0,32,Player A
618,JointPQPlayer,380,30,410,0,30,Player A
619,JointPQPlayer,360,35,395,0,35,Player A
620,JointPQPlayer,416,21,437,0,21,Player A
621,JointPQPlayer,352,37,389,0,37,Player A
622,JointPQPlayer,392,27,419,0,27,Player A
623,JointPQPlayer,388,28,416,0,28,Player A
624,JointPQPlayer,380,30,410,0,30,Player A
625,JointPQPlayer,384,29,413,0,29,Player A
626,JointPQPlayer,248,63,311,0,63,Player A
627,JointPQPlayer,352,37,389,0,37,Player A
628,JointPQPlayer,364,34,398,0,34,Player A
629,JointPQPlayer,392,27,419,0,27,Player A
630,JointPQPlayer,376,31,407,0,31,Player A
631,JointPQPlayer,372,32,404,0,32,Player A
632,JointPQPlayer,380,30,410,0,30,Player A
633,JointPQPlayer,312,47,359,0,47,Player A
634,JointPQPlayer,428,18,446,0,18,Player A
635,JointPQPlayer,352,37,389,0,37,Player A
636,JointPQPlayer,364,34,398,0,34,Player A
637,JointPQPlayer,384,29,413,0,29,Player A
638,JointPQPlayer,172,82,254,0,82,Player A
639,JointPQPlayer,376,31,407,0,31,Player A
640,JointPQPlayer,368,33,401,0,33,Player A
641,JointPQPlayer,380,30,410,0,30,Player A
642,JointPQPlayer,364,34,398,0,34,Player A
643,JointPQPlayer,356,36,392,0,36,Player A
644,JointPQPlayer,388,28,416,0,28,Player A
645,JointPQPlayer,380,30,410,0,30,Player A
646,JointPQPlayer,388,28,416,0,28,Player A
647,JointPQPlayer,388,28,416,0,28,Player A
648,JointPQPlayer,396,26,422,0,26,Player A
649,JointPQPlayer,372,32,404,0,32,Player A
650,JointPQPlayer,376,31,407,0,31,Player A
651,JointPQPlayer,404,24,428,0,24,Player A
652,JointPQPlayer,416,21,437,0,21,Player A
653,JointPQPlayer,332,42,374,0,42,Player A
654,JointPQPlayer,372,32,404,0,32,Player A
655,JointPQPlayer,388,28,416,0,28,Player A
656,JointPQPlayer,416,21,437,0,21,Player A
657,JointPQPlayer,404,24,428,0,24,Player A
658,JointPQPlayer,368,33,401,0,33,Player A
659,JointPQPlayer,392,27,419,0,27,Player A
660,JointPQPlayer,388,28,416,0,28,Player A
661,JointPQPlayer,408,23,431,0,23,Player A
662,JointPQPlayer,356,36,392,0,36,Player A
663,JointPQPlayer,360,35,395,0,35,Player A
664,JointPQPlayer,312,47,359,0,47,Player A
665,JointPQPlayer,392,27,419,0,27,Player A
666,JointPQPlayer,396,26,422,0,26,Player A
667,JointPQPlayer,380,30,410,0,30,Player A
668,JointPQPlayer,388,28,416,0,28,Player A
669,JointPQPlayer,360,35,395,0,35,Player A
670,JointPQPlayer,392,27,419,0,27,Player A
671,JointPQPlayer,372,32,404,0,32,Player A
672,JointPQPlayer,384,29,413,0,29,Player A
673,JointPQPlayer,392,27,419,0,27,Player A
674,JointPQPlayer,376,31,407,0,31,Player A
675,JointPQPlayer,376,31,407,0,31,Player A
676,JointPQPlayer,372,32,404,0,32,Player A
677,JointPQPlayer,360,35,395,0,35,Player A
678,JointPQPlayer,384,29,413,0,29,Player A
679,JointPQPlayer,352,37,389,0,37,Player A
680,JointPQPlayer,400,25,425,0,25,Player A
681,JointPQPlayer,392,27,419,0,27,Player A
682,JointPQPlayer,372,32,404,0,32,Player A
683,JointPQPlayer,372,32,404,0,32,Player A
684,JointPQPlayer,324,44,368,0,44,Player A
685,JointPQPlayer,388,28,416,0,28,Player A
686,JointPQPlayer,356,36,392,0,36,Player A
687,JointPQPlayer,416,21,437,0,21,Player A
688,JointPQPlayer,408,23,431,0,23,Player A
689,JointPQPlayer,372,32,404,0,32,Player A
690,JointPQPlayer,376,31,407,0,31,Player A
691,JointPQPlayer,380,30,410,0,30,Player A
692,JointPQPlayer,352,37,389,0,37,Player A
693,JointPQPlayer,384,29,413,0,29,Player A
694,JointPQPlayer,368,33,401,0,33,Player A
695,JointPQPlayer,400,25,425,0,25,Player A
696,JointPQPlayer,360,35,395,0,35,Player A
697,JointPQPlayer,356,36,392,0,36,Player A
698,JointPQPlayer,392,27,419,0,27,Player A
699,JointPQPlayer,400,25,425,0,25,Player A
700,JointPQPlayer,368,33,401,0,33,Player A
701,JointPQPlayer,400,25,425,0,25,Player A
702,JointPQPlayer,392,27,419,0,27,Player A
703,JointPQPlayer,344,39,383,0,39,Player A
704,JointPQPlayer,392,27,419,0,27,Player A
705,JointPQPlayer,392,27,419,0,27,Player A
706,JointPQPlayer,372,32,404,0,32,Player A
707,JointPQPlayer,416,21,437,0,21,Player A
708,JointPQPlayer,388,28,416,0,28,Player A
709,JointPQPlayer,356,36,392,0,36,Player A
710,JointPQPlayer,384,29,413,0,29,Player A
711,JointPQPlayer,384,29,413,0,29,Player A
712,JointPQPlayer,348,38,386,0,38,Player A
713,JointPQPlayer,344,39,383,0,39,Player A
714,JointPQPlayer,408,23,431,0,23,Player A
715,JointPQPlayer,388,28,416,0,28,Player A
716,JointPQPlayer,392,27,419,0,27,Player A
717,JointPQPlayer,344,39,383,0,39,Player A
718,JointPQPlayer,388,28,416,0,28,Player A
719,JointPQPlayer,396,26,422,0,26,Player A
720,JointPQPlayer,336,41,377,0,41,Player A
721,JointPQPlayer,368,33,401,0,33,Player A
722,JointPQPlayer,364,34,398,0,34,Player A
723,JointPQPlayer,380,30,410,0,30,Player A
724,JointPQPlayer,376,31,407,0,31,Player A
725,JointPQPlayer,348,38,386,0,38,Player A
726,JointPQPlayer,376,31,407,0,31,Player A
727,JointPQPlayer,372,32,404,0,32,Player A
728,JointPQPlayer,384,29,413,0,29,Player A
729,JointPQPlayer,356,36,392,0,36,Player A
730,JointPQPlayer,388,28,416,0,28,Player A
731,JointPQPlayer,368,33,401,0,33,Player A
732,JointPQPlayer,372,32,404,0,32,Player A
733,JointPQPlayer,372,32,404,0,32,Player A
734,JointPQPlayer,376,31,407,0,31,Player A
735,JointPQPlayer,372,32,404,0,32,Player A
736,JointPQPlayer,368,33,401,0,33,Player A
737,JointPQPlayer,380,30,410,0,30,Player A
738,JointPQPlayer,304,49,353,0,49,Player A
739,JointPQPlayer,392,27,419,0,27,Player A
740,JointPQPlayer,384,29,413,0,29,Player A
741,JointPQPlayer,380,30,410,0,30,Player A
742,JointPQPlayer,392,27,419,0,27,Player A
743,JointPQPlayer,356,36,392,0,36,Player A
744,JointPQPlayer,372,32,404,0,32,Player A
745,JointPQPlayer,364,34,398,0,34,Player A
746,JointPQPlayer,364,34,398,0,34,Player A
747,JointPQPlayer,384,29,413,0,29,Player A
748,JointPQPlayer,364,34,398,0,34,Player A
749,JointPQPlayer,396,26,422,0,26,Player A
750,JointPQPlayer,380,30,410,0,30,Player A
751,JointPQPlayer,380,30,410,0,30,Player A
752,JointPQPlayer,416,21,437,0,21,Player A
753,JointPQPlayer,408,23,431,0,23,Player A
754,JointPQPlayer,380,30,410,0,30,Player A
755,JointPQPlayer,396,26,422,0,26,Player A
756,JointPQPlayer,388,28,416,0,28,Player A
757,JointPQPlayer,400,25,425,0,25,Player A
758,JointPQPlayer,388,28,416,0,28,Player A
759,JointPQPlayer,380,30,410,0,30,Player A
760,JointPQPlayer,392,27,419,0,27,Player A
761,JointPQPlayer,280,55,335,0,55,Player A
762,JointPQPlayer,384,29,413,0,29,Player A
763,JointPQPlayer,380,30,410,0,30,Player A
764,JointPQPlayer,392,27,419,0,27,Player A
765,JointPQPlayer,376,31,407,0,31,Player A
766,JointPQPlayer,400,25,425,0,25,Player A
767,JointPQPlayer,372,32,404,0,32,Player A
768,JointPQPlayer,388,28,416,0,28,Player A
769,JointPQPlayer,356,36,392,0,36,Player A
770,JointPQPlayer,336,41,377,0,41,Player A
771,JointPQPlayer,356,36,392,0,36,Player A
772,JointPQPlayer,348,38,386,0,38,Player A
773,JointPQPlayer,356,36,392,0,36,Player A
774,JointPQPlayer,272,57,329,0,57,Player A
775,JointPQPlayer,364,34,398,0,34,Player A
776,JointPQPlayer,372,32,404,0,32,Player A
777,JointPQPlayer,396,26,422,0,26,Player A
778,JointPQPlayer,380,30,410,0,30,Player A
779,JointPQPlayer,352,37,389,0,37,Player A
780,JointPQPlayer,364,34,398,0,34,Player A
781,JointPQPlayer,380,30,410,0,30,Player A
782,JointPQPlayer,356,36,392,0,36,Player A
783,JointPQPlayer,408,23,431,0,23,Player A
784,JointPQPlayer,364,34,398,0,34,Player A
785,JointPQPlayer,400,25,425,0,25,Player A
786,JointPQPlayer,380,30,410,0,30,Player A
787,JointPQPlayer,376,31,407,0,31,Player A
788,JointPQPlayer,352,37,389,0,37,Player A
789,JointPQPlayer,340,40,380,0,40,Player A
790,JointPQPlayer,380,30,410,0,30,Player A
791,JointPQPlayer,376,31,407,0,31,Player A
792,JointPQPlayer,392,27,419,0,27,Player A
793,JointPQPlayer,388,28,416,0,28,Player A
794,JointPQPlayer,396,26,422,0,26,Player A
795,JointPQPlayer,364,34,398,0,34,Player A
796,JointPQPlayer,360,35,395,0,35,Player A
797,JointPQPlayer,412,22,434,0,22,Player A
798,JointPQPlayer,388,28,416,0,28,Player A
799,JointPQPlayer,420,20,440,0,20,Player A
800,JointPQPlayer,388,28,416,0,28,Player A
801,JointPQPlayer,360,35,395,0,35,Player A
802,JointPQPlayer,364,34,398,0,34,Player A
803,JointPQPlayer,344,39,383,0,39,Player A
804,JointPQPlayer,360,35,395,0,35,Player A
805,JointPQPlayer,360,35,395,0,35,Player A
806,JointPQPlayer,388,28,416,0,28,Player A
807,JointPQPlayer,368,33,401,0,33,Player A
808,JointPQPlayer,408,23,431,0,23,Player A
809,JointPQPlayer,360,35,395,0,35,Player A
810,JointPQPlayer,376,31,407,0,31,Player A
811,JointPQPlayer,364,34,398,0,34,Player A
812,JointPQPlayer,388,28,416,0,28,Player A
813,JointPQPlayer,360,35,395,0,35,Player A
814,JointPQPlayer,356,36,392,0,36,Player A
815,JointPQPlayer,360,35,395,0,35,Player A
816,JointPQPlayer,368,33,401,0,33,Player A
817,JointPQPlayer,348,38,386,0,38,Player A
818,JointPQPlayer,384,29,413,0,29,Player A
819,JointPQPlayer,396,26,422,0,26,Player A
820,JointPQPlayer,388,28,416,0,28,Player A
821,JointPQPlayer,344,39,383,0,39,Player A
822,JointPQPlayer,392,27,419,0,27,Player A
823,JointPQPlayer,384,29,413,0,29,Player A
824,JointPQPlayer,400,25,425,0,25,Player A
825,JointPQPlayer,328,43,371,0,43,Player A
826,JointPQPlayer,368,33,401,0,33,Player A
827,JointPQPlayer,388,28,416,0,28,Player A
828,JointPQPlayer,368,33,401,0,33,Player A
829,JointPQPlayer,376,31,407,0,31,Player A
830,JointPQPlayer,360,35,395,0,35,Player A
831,JointPQPlayer,404,24,428,0,24,Player A
832,JointPQPlayer,324,44,368,0,44,Player A
833,JointPQPlayer,340,40,380,0,40,Player A
834,JointPQPlayer,356,36,392,0,36,Player A
835,JointPQPlayer,392,27,419,0,27,Player A
836,JointPQPlayer,384,29,413,0,29,Player A
837,JointPQPlayer,392,27,419,0,27,Player A
838,JointPQPlayer,376,31,407,0,31,Player A
839,JointPQPlayer,380,30,410,0,30,Player A
840,JointPQPlayer,360,35,395,0,35,Player A
841,JointPQPlayer,268,58,326,0,58,Player A
842,JointPQPlayer,360,35,395,0,35,Player A
843,JointPQPlayer,372,32,404,0,32,Player A
844,JointPQPlayer,380,30,410,0,30,Player A
845,JointPQPlayer,324,44,368,0,44,Player A
846,JointPQPlayer,372,32,404,0,32,Player A
847,JointPQPlayer,408,23,431,0,23,Player A
848,JointPQPlayer,364,34,398,0,34,Player A
849,JointPQPlayer,376,31,407,0,31,Player A
850,JointPQPlayer,408,23,431,0,23,Player A
851,JointPQPlayer,368,33,401,0,33,Player A
852,JointPQPlayer,356,36,392,0,36,Player A
853,JointPQPlayer,388,28,416,0,28,Player A
854,JointPQPlayer,404,24,428,0,24,Player A
855,JointPQPlayer,396,26,422,0,26,Player A
856,JointPQPlayer,384,29,413,0,29,Player A
857,JointPQPlayer,384,29,413,0,29,Player A
858,JointPQPlayer,344,39,383,0,39,Player A
859,JointPQPlayer,384,29,413,0,29,Player A
860,JointPQPlayer,392,27,419,0,27,Player A
861,JointPQPlayer,368,33,401,0,33,Player A
862,JointPQPlayer,396,26,422,0,26,Player A
863,JointPQPlayer,376,31,407,0,31,Player A
864,JointPQPlayer,400,25,425,0,25,Player A
865,JointPQPlayer,380,30,410,0,30,Player A
866,JointPQPlayer,384,29,413,0,29,Player A
867,JointPQPlayer,344,39,383,0,39,Player A
868,JointPQPlayer,376,31,407,0,31,Player A
869,JointPQPlayer,368,33,401,0,33,Player A
870,JointPQPlayer,364,34,398,0,34,Player A
871,JointPQPlayer,404,24,428,0,24,Player A
872,JointPQPlayer,368,33,401,0,33,Player A
873,JointPQPlayer,372,32,404,0,32,Player A
874,JointPQPlayer,392,27,419,0,27,Player A
875,JointPQPlayer,384,29,413,0,29,Player A
876,JointPQPlayer,396,26,422,0,26,Player A
877,JointPQPlayer,376,31,407,0,31,Player A
878,JointPQPlayer,232,67,299,0,67,Player A
879,JointPQPlayer,384,29,413,0,29,Player A
880,JointPQPlayer,404,24,428,0,24,Player A
881,JointPQPlayer,376,31,407,0,31,Player A
882,JointPQPlayer,388,28,416,0,28,Player A
883,JointPQPlayer,400,25,425,0,25,Player A
884,JointPQPlayer,364,34,398,0,34,Player A
885,JointPQPlayer,376,31,407,0,31,Player A
886,JointPQPlayer,352,37,389,0,37,Player A
887,JointPQPlayer,388,28,416,0,28,Player A
888,JointPQPlayer,352,37,389,0,37,Player A
889,JointPQPlayer,344,39,383,0,39,Player A
890,JointPQPlayer,360,35,395,0,35,Player A
891,JointPQPlayer,388,28,416,0,28,Player A
892,JointPQPlayer,388,28,416,0,28,Player A
893,JointPQPlayer,392,27,419,0,27,Player A
894,JointPQPlayer,356,36,392,0,36,Player A
895,JointPQPlayer,352,37,389,0,37,Player A
896,JointPQPlayer,364,34,398,0,34,Player A
897,JointPQPlayer,372,32,404,0,32,Player A
898,JointPQPlayer,280,55,335,0,55,Player A
899,JointPQPlayer,396,26,422,0,26,Player A
900,JointPQPlayer,428,18,446,0,18,Player A
901,JointPQPlayer,400,25,425,0,25,Player A
902,JointPQPlayer,384,29,413,0,29,Player A
903,JointPQPlayer,360,35,395,0,35,Player A
904,JointPQPlayer,368,33,401,0,33,Player A
905,JointPQPlayer,400,25,425,0,25,Player A
906,JointPQPlayer,380,30,410,0,30,Player A
907,JointPQPlayer,384,29,413,0,29,Player A
908,JointPQPlayer,388,28,416,0,28,Player A
909,JointPQPlayer,332,42,374,0,42,Player A
910,JointPQPlayer,360,35,395,0,35,Player A
911,JointPQPlayer,392,27,419,0,27,Player A
912,JointPQPlayer,356,36,392,0,36,Player A
913,JointPQPlayer,404,24,428,0,24,Player A
914,JointPQPlayer,368,33,401,0,33,Player A
915,JointPQPlayer,380,30,410,0,30,Player A
916,JointPQPlayer,396,26,422,0,26,Player A
917,JointPQPlayer,384,29,413,0,29,Player A
918,JointPQPlayer,360,35,395,0,35,Player A
919,JointPQPlayer,376,31,407,0,31,Player A
920,JointPQPlayer,376,31,407,0,31,Player A
921,JointPQPlayer,384,29,413,0,29,Player A
922,JointPQPlayer,380,30,410,0,30,Player A
923,JointPQPlayer,400,25,425,0,25,Player A
924,JointPQPlayer,424,19,443,0,19,Player A
925,JointPQPlayer,272,57,329,0,57,Player A
926,JointPQPlayer,416,21,437,0,21,Player A
927,JointPQPlayer,368,33,401,0,33,Player A
928,JointPQPlayer,348,38,386,0,38,Player A
929,JointPQPlayer,348,38,386,0,38,Player A
930,JointPQPlayer,440,15,455,0,15,Player A
931,JointPQPlayer,368,33,401,0,33,Player A
932,JointPQPlayer,436,16,452,0,16,Player A
933,JointPQPlayer,352,37,389,0,37,Player A
934,JointPQPlayer,364,34,398,0,34,Player A
935,JointPQPlayer,372,32,404,0,32,Player A
936,JointPQPlayer,380,30,410,0,30,Player A
937,JointPQPlayer,376,31,407,0,31,Player A
938,JointPQPlayer,388,28,416,0,28,Player A
939,JointPQPlayer,376,31,407,0,31,Player A
940,JointPQPlayer,400,25,425,0,25,Player A
941,JointPQPlayer,356,36,392,0,36,Player A
942,JointPQPlayer,392,27,419,0,27,Player A
943,JointPQPlayer,380,30,410,0,30,Player A
944,JointPQPlayer,344,39,383,0,39,Player A
945,JointPQPlayer,372,32,404,0,32,Player A
946,JointPQPlayer,404,24,428,0,24,Player A
947,JointPQPlayer,396,26,422,0,26,Player A
948,JointPQPlayer,388,28,416,0,28,Player A
949,JointPQPlayer,312,47,359,0,47,Player A
950,JointPQPlayer,388,28,416,0,28,Player A
951,JointPQPlayer,396,26,422,0,26,Player A
952,JointPQPlayer,404,24,428,0,24,Player A
953,JointPQPlayer,376,31,407,0,31,Player A
954,JointPQPlayer,392,27,419,0,27,Player A
955,JointPQPlayer,376,31,407,0,31,Player A
956,JointPQPlayer,376,31,407,0,31,Player A
957,JointPQPlayer,376,31,407,0,31,Player A
958,JointPQPlayer,392,27,419,0,27,Player A
959,JointPQPlayer,376,31,407,0,31,Player A
960,JointPQPlayer,368,33,401,0,33,Player A
961,JointPQPlayer,372,32,404,0,32,Player A
962,JointPQPlayer,412,22,434,0,22,Player A
963,JointPQPlayer,380,30,410,0,30,Player A
964,JointPQPlayer,380,30,410,0,30,Player A
965,JointPQPlayer,396,26,422,0,26,Player A
966,JointPQPlayer,412,22,434,0,22,Player A
967,JointPQPlayer,344,39,383,0,39,Player A
968,JointPQPlayer,384,29,413,0,29,Player A
969,JointPQPlayer,396,26,422,0,26,Player A
970,JointPQPlayer,324,44,368,0,44,Player A
971,JointPQPlayer,380,30,410,0,30,Player A
972,JointPQPlayer,376,31,407,0,31,Player A
973,JointPQPlayer,384,29,413,0,29,Player A
974,JointPQPlayer,344,39,383,0,39,Player A
975,JointPQPlayer,364,34,398,0,34,Player A
976,JointPQPlayer,356,36,392,0,36,Player A
977,JointPQPlayer,316,46,362,0,46,Player A
978,JointPQPlayer,368,33,401,0,33,Player A
979,JointPQPlayer,376,31,407,0,31,Player A
980,JointPQPlayer,368,33,401,0,33,Player A
981,JointPQPlayer,364,34,398,0,34,Player A
982,JointPQPlayer,368,33,401,0,33,Player A
983,JointPQPlayer,368,33,401,0,33,Player A
984,JointPQPlayer,348,38,386,0,38,Player A
985,JointPQPlayer,380,30,410,0,30,Player A
986,JointPQPlayer,408,23,431,0,23,Player A
987,JointPQPlayer,388,28,416,0,28,Player A
988,JointPQPlayer,360,35,395,0,35,Player A
989,JointPQPlayer,372,32,404,0,32,Player A
990,JointPQPlayer,368,33,401,0,33,Player A
991,JointPQPlayer,388,28,416,0,28,Player A
992,JointPQPlayer,372,32,404,0,32,Player A
993,JointPQPlayer,368,33,401,0,33,Player A
994,JointPQPlayer,364,34,398,0,34,Player A
995,JointPQPlayer,400,25,425,0,25,Player A
996,JointPQPlayer,356,36,392,0,36,Player A
997,JointPQPlayer,384,29,413,0,29,Player A
998,JointPQPlayer,380,30,410,0,30,Player A
999,JointPQPlayer,328,43,371,0,43,Player A
1000,JointPQPlayer,388,28,416,0,28,Player A
1001,JointPQPlayer,396,26,422,0,26,Player A
1002,JointPQPlayer,388,28,416,0,28,Player A
1003,JointPQPlayer,368,33,401,0,33,Player A
1004,JointPQPlayer,372,32,404,0,32,Player A
1005,JointPQPlayer,368,33,401,0,33,Player A
1006,JointPQPlayer,320,45,365,0,45,Player A
1007,JointPQPlayer,376,31,407,0,31,Player A
1008,JointPQPlayer,348,38,386,0,38,Player A
1009,JointPQPlayer,396,26,422,0,26,Player A
1010,JointPQPlayer,388,28,416,0,28,Player A
1011,JointPQPlayer,296,51,347,0,51,Player A
1012,JointPQPlayer,384,29,413,0,29,Player A
1013,JointPQPlayer,372,32,404,0,32,Player A
1014,JointPQPlayer,384,29,413,0,29,Player A
1015,JointPQPlayer,400,25,425,0,25,Player A
1016,JointPQPlayer,376,31,407,0,31,Player A
1017,JointPQPlayer,384,29,413,0,29,Player A
1018,JointPQPlayer,388,28,416,0,28,Player A
1019,JointPQPlayer,320,45,365,0,45,Player A
1020,JointPQPlayer,372,32,404,0,32,Player A
1021,JointPQPlayer,364,34,398,0,34,Player A
1022,JointPQPlayer,360,35,395,0,35,Player A
1023,JointPQPlayer,364,34,398,0,34,Player A
1024,JointPQPlayer,384,29,413,0,29,Player A
1025,JointPQPlayer,360,35,395,0,35,Player A
1026,JointPQPlayer,380,30,410,0,30,Player A
1027,JointPQPlayer,388,28,416,0,28,Player A
1028,JointPQPlayer,380,30,410,0,30,Player A
1029,JointPQPlayer,276,56,332,0,56,Player A
1030,JointPQPlayer,404,24,428,0,24,Player A
1031,JointPQPlayer,352,37,389,0,37,Player A
1032,JointPQPlayer,360,35,395,0,35,Player A
1033,JointPQPlayer,392,27,419,0,27,Player A
1034,JointPQPlayer,292,52,344,0,52,Player A
1035,JointPQPlayer,380,30,410,0,30,Player A
1036,JointPQPlayer,328,43,371,0,43,Player A
1037,JointPQPlayer,388,28,416,0,28,Player A
1038,JointPQPlayer,396,26,422,0,26,Player A
1039,JointPQPlayer,376,31,407,0,31,Player A
1040,JointPQPlayer,400,25,425,0,25,Player A
1041,JointPQPlayer,352,37,389,0,37,Player A
1042,JointPQPlayer,400,25,425,0,25,Player A
1043,JointPQPlayer,384,29,413,0,29,Player A
1044,JointPQPlayer,388,28,416,0,28,Player A
1045,JointPQPlayer,376,31,407,0,31,Player A
1046,JointPQPlayer,380,30,410,0,30,Player A
1047,JointPQPlayer,408,23,431,0,23,Player A
1048,JointPQPlayer,372,32,404,0,32,Player A
1049,JointPQPlayer,396,26,422,0,26,Player A
1050,JointPQPlayer,400,25,425,0,25,Player A
1051,JointPQPlayer,380,30,410,0,30,Player A
1052,JointPQPlayer,352,37,389,0,37,Player A
1053,JointPQPlayer,388,28,416,0,28,Player A
1054,JointPQPlayer,388,28,416,0,28,Player A
1055,JointPQPlayer,360,35,395,0,35,Player A
1056,JointPQPlayer,376,31,407,0,31,Player A
1057,JointPQPlayer,320,45,365,0,45,Player A
1058,JointPQPlayer,360,35,395,0,35,Player A
1059,JointPQPlayer,372,32,404,0,32,Player A
1060,JointPQPlayer,396,26,422,0,26,Player A
1061,JointPQPlayer,340,40,380,0,40,Player A
1062,JointPQPlayer,368,33,401,0,33,Player A
1063,JointPQPlayer,392,27,419,0,27,Player A
1064,JointPQPlayer,388,28,416,0,28,Player A
1065,JointPQPlayer,236,66,302,0,66,Player A
1066,JointPQPlayer,388,28,416,0,28,Player A
1067,JointPQPlayer,376,31,407,0,31,Player A
1068,JointPQPlayer,408,23,431,0,23,Player A
1069,JointPQPlayer,372,32,404,0,32,Player A
1070,JointPQPlayer,396,26,422,0,26,Player A
1071,JointPQPlayer,360,35,395,0,35,Player A
1072,JointPQPlayer,436,16,452,0,16,Player A
1073,JointPQPlayer,392,27,419,0,27,Player A
1074,JointPQPlayer,360,35,395,0,35,Player A
1075,JointPQPlayer,352,37,389,0,37,Player A
1076,JointPQPlayer,388,28,416,0,28,Player A
1077,JointPQPlayer,368,33,401,0,33,Player A
1078,JointPQPlayer,396,26,422,0,26,Player A
1079,JointPQPlayer,360,35,395,0,35,Player A
1080,JointPQPlayer,360,35,395,0,35,Player A
1081,JointPQPlayer,392,27,419,0,27,Player A
1082,JointPQPlayer,380,30,410,0,30,Player A
1083,JointPQPlayer,360,35,395,0,35,Player A
1084,JointPQPlayer,368,33,401,0,33,Player A
1085,JointPQPlayer,404,24,428,0,24,Player A
1086,JointPQPlayer,376,31,407,0,31,Player A
1087,JointPQPlayer,392,27,419,0,27,Player A
1088,JointPQPlayer,384,29,413,0,29,Player A
1089,JointPQPlayer,380,30,410,0,30,Player A
1090,JointPQPlayer,348,38,386,0,38,Player A
1091,JointPQPlayer,368,33,401,0,33,Player A
1092,JointPQPlayer,408,23,431,0,23,Player A
1093,JointPQPlayer,364,34,398,0,34,Player A
1094,JointPQPlayer,348,38,386,0,38,Player A
1095,JointPQPlayer,364,34,398,0,34,Player A
1096,JointPQPlayer,340,40,380,0,40,Player A
1097,JointPQPlayer,376,31,407,0,31,Player A
1098,JointPQPlayer,388,28,416,0,28,Player A
1099,JointPQPlayer,372,32,404,0,32,Player A
1100,JointPQPlayer,360,35,395,0,35,Player A
1101,JointPQPlayer,376,31,407,0,31,Player A
1102,JointPQPlayer,372,32,404,0,32,Player A
1103,JointPQPlayer,396,26,422,0,26,Player A
1104,JointPQPlayer,368,33,401,0,33,Player A
1105,JointPQPlayer,352,37,389,0,37,Player A
1106,JointPQPlayer,404,24,428,0,24,Player A
1107,JointPQPlayer,376,31,407,0,31,Player A
1108,JointPQPlayer,364,34,398,0,34,Player A
1109,JointPQPlayer,376,31,407,0,31,Player A
1110,JointPQPlayer,372,32,404,0,32,Player A
1111,JointPQPlayer,316,46,362,0,46,Player A
1112,JointPQPlayer,392,27,419,0,27,Player A
1113,JointPQPlayer,380,30,410,0,30,Player A
1114,JointPQPlayer,300,50,350,0,50,Player A
1115,JointPQPlayer,400,25,425,0,25,Player A
1116,JointPQPlayer,352,37,389,0,37,Player A
1117,JointPQPlayer,368,33,401,0,33,Player A
1118,JointPQPlayer,380,30,410,0,30,Player A
1119,JointPQPlayer,368,33,401,0,33,Player A
1120,JointPQPlayer,380,30,410,0,30,Player A
1121,JointPQPlayer,376,31,407,0,31,Player A
1122,JointPQPlayer,384,29,413,0,29,Player A
1123,JointPQPlayer,376,31,407,0,31,Player A
1124,JointPQPlayer,384,29,413,0,29,Player A
1125,JointPQPlayer,412,22,434,0,22,Player A
1126,JointPQPlayer,384,29,413,0,29,Player A
1127,JointPQPlayer,376,31,407,0,31,Player A
1128,JointPQPlayer,384,29,413,0,29,Player A
1129,JointPQPlayer,396,26,422,0,26,Player A
1130,JointPQPlayer,408,23,431,0,23,Player A
1131,JointPQPlayer,360,35,395,0,35,Player A
1132,JointPQPlayer,360,35,395,0,35,Player A
1133,JointPQPlayer,396,26,422,0,26,Player A
1134,JointPQPlayer,372,32,404,0,32,Player A
1135,JointPQPlayer,356,36,392,0,36,Player A
1136,JointPQPlayer,400,25,425,0,25,Player A
1137,JointPQPlayer,356,36,392,0,36,Player A
1138,JointPQPlayer,384,29,413,0,29,Player A
1139,JointPQPlayer,396,26,422,0,26,Player A
1140,JointPQPlayer,388,28,416,0,28,Player A
1141,JointPQPlayer,364,34,398,0,34,Player A
1142,JointPQPlayer,436,16,452,0,16,Player A
1143,JointPQPlayer,400,25,425,0,25,Player A
1144,JointPQPlayer,368,33,401,0,33,Player A
1145,JointPQPlayer,368,33,401,0,33,Player A
1146,JointPQPlayer,368,33,401,0,33,Player A
1147,JointPQPlayer,348,38,386,0,38,Player A
1148,JointPQPlayer,404,24,428,0,24,Player A
1149,JointPQPlayer,388,28,416,0,28,Player A
1150,JointPQPlayer,360,35,395,0,35,Player A
1151,JointPQPlayer,400,25,425,0,25,Player A
1152,JointPQPlayer,312,47,359,0,47,Player A
1153,JointPQPlayer,364,34,398,0,34,Player A
1154,JointPQPlayer,384,29,413,0,29,Player A
1155,JointPQPlayer,368,33,401,0,33,Player A
1156,JointPQPlayer,396,26,422,0,26,Player A
1157,JointPQPlayer,368,33,401,0,33,Player A
1158,JointPQPlayer,352,37,389,0,37,Player A
1159,JointPQPlayer,364,34,398,0,34,Player A
1160,JointPQPlayer,192,77,269,0,77,Player A
1161,JointPQPlayer,360,35,395,0,35,Player A
1162,JointPQPlayer,372,32,404,0,32,Player A
1163,JointPQPlayer,348,38,386,0,38,Player A
1164,JointPQPlayer,400,25,425,0,25,Player A
1165,JointPQPlayer,388,28,416,0,28,Player A
1166,JointPQPlayer,404,24,428,0,24,Player A
1167,JointPQPlayer,372,32,404,0,32,Player A
1168,JointPQPlayer,324,44,368,0,44,Player A
1169,JointPQPlayer,384,29,413,0,29,Player A
1170,JointPQPlayer,388,28,416,0,28,Player A
1171,JointPQPlayer,372,32,404,0,32,Player A
1172,JointPQPlayer,368,33,401,0,33,Player A
1173,JointPQPlayer,428,18,446,0,18,Player A
1174,JointPQPlayer,392,27,419,0,27,Player A
1175,JointPQPlayer,392,27,419,0,27,Player A
1176,JointPQPlayer,380,30,410,0,30,Player A
1177,JointPQPlayer,384,29,413,0,29,Player A
1178,JointPQPlayer,396,26,422,0,26,Player A
1179,JointPQPlayer,388,28,416,0,28,Player A
1180,JointPQPlayer,380,30,410,0,30,Player A
1181,JointPQPlayer,380,30,410,0,30,Player A
1182,JointPQPlayer,376,31,407,0,31,Player A
1183,JointPQPlayer,372,32,404,0,32,Player A
1184,JointPQPlayer,396,26,422,0,26,Player A
1185,JointPQPlayer,400,25,425,0,25,Player A
1186,JointPQPlayer,404,24,428,0,24,Player A
1187,JointPQPlayer,340,40,380,0,40,Player A
1188,JointPQPlayer,412,22,434,0,22,Player A
1189,JointPQPlayer,380,30,410,0,30,Player A
1190,JointPQPlayer,420,20,440,0,20,Player A
1191,JointPQPlayer,368,33,401,0,33,Player A
1192,JointPQPlayer,368,33,401,0,33,Player A
1193,JointPQPlayer,324,44,368,0,44,Player A
1194,JointPQPlayer,380,30,410,0,30,Player A
1195,JointPQPlayer,372,32,404,0,32,Player A
1196,JointPQPlayer,348,38,386,0,38,Player A
1197,JointPQPlayer,392,27,419,0,27,Player A
1198,JointPQPlayer,380,30,410,0,30,Player A
1199,JointPQPlayer,396,26,422,0,26,Player A
1200,JointPQPlayer,408,23,431,0,23,Player A
1201,JointPQPlayer,392,27,419,0,27,Player A
1202,JointPQPlayer,388,28,416,0,28,Player A
1203,JointPQPlayer,396,26,422,0,26,Player A
1204,JointPQPlayer,364,34,398,0,34,Player A
1205,JointPQPlayer,372,32,404,0,32,Player A
1206,JointPQPlayer,400,25,425,0,25,Player A
1207,JointPQPlayer,360,35,395,0,35,Player A
1208,JointPQPlayer,388,28,416,0,28,Player A
1209,JointPQPlayer,348,38,386,0,38,Player A
1210,JointPQPlayer,380,30,410,0,30,Player A
1211,JointPQPlayer,392,27,419,0,27,Player A
1212,JointPQPlayer,372,32,404,0,32,Player A
1213,JointPQPlayer,340,40,380,0,40,Player A
1214,JointPQPlayer,344,39,383,0,39,Player A
1215,JointPQPlayer,360,35,395,0,35,Player A
1216,JointPQPlayer,408,23,431,0,23,Player A
1217,JointPQPlayer,328,43,371,0,43,Player A
1218,JointPQPlayer,356,36,392,0,36,Player A
1219,JointPQPlayer,384,29,413,0,29,Player A
1220,JointPQPlayer,376,31,407,0,31,Player A
1221,JointPQPlayer,300,50,350,0,50,Player A
1222,JointPQPlayer,332,42,374,0,42,Player A
1223,JointPQPlayer,404,24,428,0,24,Player A
1224,JointPQPlayer,376,31,407,0,31,Player A
1225,JointPQPlayer,376,31,407,0,31,Player A
1226,JointPQPlayer,360,35,395,0,35,Player A
1227,JointPQPlayer,364,34,398,0,34,Player A
1228,JointPQPlayer,372,32,404,0,32,Player A
1229,JointPQPlayer,380,30,410,0,30,Player A
1230,JointPQPlayer,372,32,404,0,32,Player A
1231,JointPQPlayer,368,33,401,0,33,Player A
1232,JointPQPlayer,416,21,437,0,21,Player A
1233,JointPQPlayer,384,29,413,0,29,Player A
1234,JointPQPlayer,380,30,410,0,30,Player A
1235,JointPQPlayer,364,34,398,0,34,Player A
1236,JointPQPlayer,364,34,398,0,34,Player A
1237,JointPQPlayer,400,25,425,0,25,Player A
1238,JointPQPlayer,416,21,437,0,21,Player A
1239,JointPQPlayer,396,26,422,0,26,Player A
1240,JointPQPlayer,364,34,398,0,34,Player A
1241,JointPQPlayer,336,41,377,0,41,Player A
1242,JointPQPlayer,392,27,419,0,27,Player A
1243,JointPQPlayer,388,28,416,0,28,Player A
1244,JointPQPlayer,388,28,416,0,28,Player A
1245,JointPQPlayer,308,48,356,0,48,Player A
1246,JointPQPlayer,364,34,398,0,34,Player A
1247,JointPQPlayer,392,27,419,0,27,Player A
1248,JointPQPlayer,384,29,413,0,29,Player A
1249,JointPQPlayer,352,37,389,0,37,Player A
1250,JointPQPlayer,308,48,356,0,48,Player A
1251,JointPQPlayer,352,37,389,0,37,Player A
1252,JointPQPlayer,384,29,413,0,29,Player A
1253,JointPQPlayer,364,34,398,0,34,Player A
1254,JointPQPlayer,360,35,395,0,35,Player A
1255,JointPQPlayer,356,36,392,0,36,Player A
1256,JointPQPlayer,388,28,416,0,28,Player A
1257,JointPQPlayer,376,31,407,0,31,Player A
1258,JointPQPlayer,388,28,416,0,28,Player A
1259,JointPQPlayer,380,30,410,0,30,Player A
1260,JointPQPlayer,328,43,371,0,43,Player A
1261,JointPQPlayer,380,30,410,0,30,Player A
1262,JointPQPlayer,312,47,359,0,47,Player A
1263,JointPQPlayer,392,27,419,0,27,Player A
1264,JointPQPlayer,356,36,392,0,36,Player A
1265,JointPQPlayer,380,30,410,0,30,Player A
1266,JointPQPlayer,388,28,416,0,28,Player A
1267,JointPQPlayer,356,36,392,0,36,Player A
1268,JointPQPlayer,376,31,407,0,31,Player A
1269,JointPQPlayer,384,29,413,0,29,Player A
1270,JointPQPlayer,352,37,389,0,37,Player A
1271,JointPQPlayer,384,29,413,0,29,Player A
1272,JointPQPlayer,384,29,413,0,29,Player A
1273,JointPQPlayer,388,28,416,0,28,Player A
1274,JointPQPlayer,392,27,419,0,27,Player A
1275,JointPQPlayer,380,30,410,0,30,Player A
1276,JointPQPlayer,380,30,410,0,30,Player A
1277,JointPQPlayer,392,27,419,0,27,Player A
1278,JointPQPlayer,372,32,404,0,32,Player A
1279,JointPQPlayer,384,29,413,0,29,Player A
1280,JointPQPlayer,384,29,413,0,29,Player A
1281,JointPQPlayer,336,41,377,0,41,Player A
1282,JointPQPlayer,364,34,398,0,34,Player A
1283,JointPQPlayer,380,30,410,0,30,Player A
1284,JointPQPlayer,352,37,389,0,37,Player A
1285,JointPQPlayer,380,30,410,0,30,Player A
1286,JointPQPlayer,388,28,416,0,28,Player A
1287,JointPQPlayer,404,24,428,0,24,Player A
1288,JointPQPlayer,380,30,410,0,30,Player A
1289,JointPQPlayer,376,31,407,0,31,Player A
1290,JointPQPlayer,392,27,419,0,27,Player A
1291,JointPQPlayer,400,25,425,0,25,Player A
1292,JointPQPlayer,392,27,419,0,27,Player A
1293,JointPQPlayer,376,31,407,0,31,Player A
1294,JointPQPlayer,364,34,398,0,34,Player A
1295,JointPQPlayer,388,28,416,0,28,Player A
1296,JointPQPlayer,388,28,416,0,28,Player A
1297,JointPQPlayer,376,31,407,0,31,Player A
1298,JointPQPlayer,388,28,416,0,28,Player A
1299,JointPQPlayer,360,35,395,0,35,Player A
1300,JointPQPlayer,400,25,425,0,25,Player A
1301,JointPQPlayer,340,40,380,0,40,Player A
1302,JointPQPlayer,412,22,434,0,22,Player A
1303,JointPQPlayer,372,32,404,0,32,Player A
1304,JointPQPlayer,376,31,407,0,31,Player A
1305,JointPQPlayer,392,27,419,0,27,Player A
1306,JointPQPlayer,308,48,356,0,48,Player A
1307,JointPQPlayer,376,31,407,0,31,Player A
0,revTitforTat,500,0,500,0,0,Player A
1,revTitforTat,500,0,500,0,0,Player A
2,revTitforTat,500,0,500,0,0,Player A
3,revTitforTat,500,0,500,0,0,Player A
4,revTitforTat,500,0,500,0,0,Player A
5,revTitforTat,500,0,500,0,0,Player A
6,revTitforTat,500,0,500,0,0,Player A
7,revTitforTat,500,0,500,0,0,Player A
8,revTitforTat,500,0,500,0,0,Player A
9,revTitforTat,500,0,500,0,0,Player A
10,revTitforTat,500,0,500,0,0,Player A
0,PatternPlayer,300,50,350,0,50,Player A
1,PatternPlayer,300,50,350,0,50,Player A
2,PatternPlayer,300,50,350,0,50,Player A
3,PatternPlayer,300,50,350,0,50,Player A
4,PatternPlayer,300,50,350,0,50,Player A
5,PatternPlayer,300,50,350,0,50,Player A
6,PatternPlayer,300,50,350,0,50,Player A
7,PatternPlayer,300,50,350,0,50,Player A
8,PatternPlayer,300,50,350,0,50,Player A
9,PatternPlayer,300,50,350,0,50,Player A
10,PatternPlayer,300,50,350,0,50,Player A
0,GrudgePlayer,104,99,203,0,99,Player A
1,GrudgePlayer,100,100,200,0,100,Tie
2,GrudgePlayer,100,100,200,0,100,Tie
3,GrudgePlayer,100,100,200,0,100,Tie
4,GrudgePlayer,100,100,200,0,100,Tie
5,GrudgePlayer,100,100,200,0,100,Tie
6,GrudgePlayer,100,100,200,0,100,Tie
7,GrudgePlayer,100,100,200,0,100,Tie
8,GrudgePlayer,100,100,200,0,100,Tie
9,GrudgePlayer,100,100,200,0,100,Tie
10,GrudgePlayer,100,100,200,0,100,Tie
0,Gullible,500,0,500,0,0,Player A
1,Gullible,500,0,500,0,0,Player A
2,Gullible,500,0,500,0,0,Player A
3,Gullible,500,0,500,0,0,Player A
4,Gullible,500,0,500,0,0,Player A
5,Gullible,500,0,500,0,0,Player A
6,Gullible,500,0,500,0,0,Player A
7,Gullible,500,0,500,0,0,Player A
8,Gullible,500,0,500,0,0,Player A
9,Gullible,500,0,500,0,0,Player A
10,Gullible,500,0,500,0,0,Player A
0,Sly Fox,100,100,200,0,100,Tie
1,Sly Fox,100,100,200,0,100,Tie
2,Sly Fox,100,100,200,0,100,Tie
3,Sly Fox,100,100,200,0,100,Tie
4,Sly Fox,100,100,200,0,100,Tie
5,Sly Fox,100,100,200,0,100,Tie
6,Sly Fox,100,100,200,0,100,Tie
7,Sly Fox,100,100,200,0,100,Tie
8,Sly Fox,100,100,200,0,100,Tie
9,Sly Fox,100,100,200,0,100,Tie
10,Sly Fox,100,100,200,0,100,Tie
0,Evan,300,50,350,0,50,Player A
1,Evan,300,50,350,0,50,Player A
2,Evan,300,50,350,0,50,Player A
3,Evan,300,50,350,0,50,Player A
4,Evan,300,50,350,0,50,Player A
5,Evan,300,50,350,0,50,Player A
6,Evan,300,50,350,0,50,Player A
7,Evan,300,50,350,0,50,Player A
8,Evan,300,50,350,0,50,Player A
9,Evan,300,50,350,0,50,Player A
10,Evan,300,50,350,0,50,Player A
0,Randy,284,54,338,0,54,Player A
1,Randy,292,52,344,0,52,Player A
2,Randy,316,46,362,0,46,Player A
3,Randy,316,46,362,0,46,Player A
4,Randy,292,52,344,0,52,Player A
5,Randy,304,49,353,0,49,Player A
6,Randy,308,48,356,0,48,Player A
7,Randy,332,42,374,0,42,Player A
8,Randy,312,47,359,0,47,Player A
9,Randy,328,43,371,0,43,Player A
10,Randy,272,57,329,0,57,Player A
11,Randy,316,46,362,0,46,Player A
12,Randy,316,46,362,0,46,Player A
13,Randy,296,51,347,0,51,Player A
14,Randy,296,51,347,0,51,Player A
15,Randy,280,55,335,0,55,Player A
16,Randy,316,46,362,0,46,Player A
17,Randy,320,45,365,0,45,Player A
18,Randy,332,42,374,0,42,Player A
19,Randy,304,49,353,0,49,Player A
20,Randy,304,49,353,0,49,Player A
21,Randy,328,43,371,0,43,Player A
22,Randy,276,56,332,0,56,Player A
23,Randy,320,45,365,0,45,Player A
24,Randy,284,54,338,0,54,Player A
25,Randy,268,58,326,0,58,Player A
26,Randy,304,49,353,0,49,Player A
27,Randy,296,51,347,0,51,Player A
28,Randy,268,58,326,0,58,Player A
29,Randy,304,49,353,0,49,Player A
30,Randy,292,52,344,0,52,Player A
31,Randy,308,48,356,0,48,Player A
32,Randy,296,51,347,0,51,Player A
33,Randy,300,50,350,0,50,Player A
34,Randy,320,45,365,0,45,Player A
35,Randy,272,57,329,0,57,Player A
36,Randy,308,48,356,0,48,Player A
37,Randy,300,50,350,0,50,Player A
38,Randy,324,44,368,0,44,Player A
39,Randy,308,48,356,0,48,Player A
40,Randy,316,46,362,0,46,Player A
41,Randy,300,50,350,0,50,Player A
42,Randy,296,51,347,0,51,Player A
43,Randy,316,46,362,0,46,Player A
44,Randy,296,51,347,0,51,Player A
45,Randy,316,46,362,0,46,Player A
46,Randy,340,40,380,0,40,Player A
47,Randy,288,53,341,0,53,Player A
48,Randy,284,54,338,0,54,Player A
49,Randy,300,50,350,0,50,Player A
50,Randy,284,54,338,0,54,Player A
51,Randy,308,48,356,0,48,Player A
52,Randy,304,49,353,0,49,Player A
53,Randy,288,53,341,0,53,Player A
54,Randy,296,51,347,0,51,Player A
55,Randy,316,46,362,0,46,Player A
56,Randy,312,47,359,0,47,Player A
57,Randy,312,47,359,0,47,Player A
58,Randy,268,58,326,0,58,Player A
59,Randy,308,48,356,0,48,Player A
60,Randy,316,46,362,0,46,Player A
61,Randy,308,48,356,0,48,Player A
62,Randy,324,44,368,0,44,Player A
63,Randy,328,43,371,0,43,Player A
64,Randy,320,45,365,0,45,Player A
65,Randy,288,53,341,0,53,Player A
66,Randy,292,52,344,0,52,Player A
67,Randy,300,50,350,0,50,Player A
68,Randy,304,49,353,0,49,Player A
69,Randy,300,50,350,0,50,Player A
70,Randy,296,51,347,0,51,Player A
71,Randy,312,47,359,0,47,Player A
72,Randy,308,48,356,0,48,Player A
73,Randy,316,46,362,0,46,Player A
74,Randy,316,46,362,0,46,Player A
75,Randy,288,53,341,0,53,Player A
76,Randy,284,54,338,0,54,Player A
77,Randy,288,53,341,0,53,Player A
78,Randy,324,44,368,0,44,Player A
79,Randy,300,50,350,0,50,Player A
80,Randy,312,47,359,0,47,Player A
81,Randy,304,49,353,0,49,Player A
82,Randy,312,47,359,0,47,Player A
83,Randy,304,49,353,0,49,Player A
84,Randy,308,48,356,0,48,Player A
85,Randy,324,44,368,0,44,Player A
86,Randy,288,53,341,0,53,Player A
87,Randy,316,46,362,0,46,Player A
88,Randy,304,49,353,0,49,Player A
89,Randy,316,46,362,0,46,Player A
90,Randy,276,56,332,0,56,Player A
91,Randy,296,51,347,0,51,Player A
92,Randy,332,42,374,0,42,Player A
93,Randy,312,47,359,0,47,Player A
94,Randy,264,59,323,0,59,Player A
95,Randy,272,57,329,0,57,Player A
96,Randy,352,37,389,0,37,Player A
97,Randy,244,64,308,0,64,Player A
98,Randy,296,51,347,0,51,Player A
99,Randy,292,52,344,0,52,Player A
100,Randy,308,48,356,0,48,Player A
101,Randy,308,48,356,0,48,Player A
102,Randy,312,47,359,0,47,Player A
103,Randy,336,41,377,0,41,Player A
104,Randy,280,55,335,0,55,Player A
105,Randy,312,47,359,0,47,Player A
106,Randy,324,44,368,0,44,Player A
107,Randy,284,54,338,0,54,Player A
108,Randy,304,49,353,0,49,Player A
109,Randy,276,56,332,0,56,Player A
110,Randy,272,57,329,0,57,Player A
111,Randy,332,42,374,0,42,Player A
112,Randy,316,46,362,0,46,Player A
113,Randy,296,51,347,0,51,Player A
114,Randy,272,57,329,0,57,Player A
115,Randy,316,46,362,0,46,Player A
116,Randy,324,44,368,0,44,Player A
117,Randy,308,48,356,0,48,Player A
118,Randy,336,41,377,0,41,Player A
119,Randy,292,52,344,0,52,Player A
120,Randy,304,49,353,0,49,Player A
121,Randy,304,49,353,0,49,Player A
122,Randy,320,45,365,0,45,Player A
123,Randy,312,47,359,0,47,Player A
124,Randy,312,47,359,0,47,Player A
125,Randy,276,56,332,0,56,Player A
126,Randy,304,49,353,0,49,Player A
127,Randy,288,53,341,0,53,Player A
128,Randy,328,43,371,0,43,Player A
129,Randy,300,50,350,0,50,Player A
130,Randy,312,47,359,0,47,Player A
131,Randy,316,46,362,0,46,Player A
132,Randy,308,48,356,0,48,Player A
133,Randy,308,48,356,0,48,Player A
134,Randy,364,34,398,0,34,Player A
135,Randy,308,48,356,0,48,Player A
136,Randy,268,58,326,0,58,Player A
137,Randy,264,59,323,0,59,Player A
138,Randy,320,45,365,0,45,Player A
139,Randy,324,44,368,0,44,Player A
140,Randy,324,44,368,0,44,Player A
141,Randy,260,60,320,0,60,Player A
142,Randy,264,59,323,0,59,Player A
143,Randy,296,51,347,0,51,Player A
144,Randy,300,50,350,0,50,Player A
145,Randy,292,52,344,0,52,Player A
146,Randy,256,61,317,0,61,Player A
147,Randy,268,58,326,0,58,Player A
148,Randy,288,53,341,0,53,Player A
149,Randy,292,52,344,0,52,Player A
150,Randy,296,51,347,0,51,Player A
151,Randy,296,51,347,0,51,Player A
152,Randy,284,54,338,0,54,Player A
153,Randy,324,44,368,0,44,Player A
154,Randy,296,51,347,0,51,Player A
155,Randy,316,46,362,0,46,Player A
156,Randy,260,60,320,0,60,Player A
157,Randy,292,52,344,0,52,Player A
158,Randy,312,47,359,0,47,Player A
159,Randy,296,51,347,0,51,Player A
160,Randy,300,50,350,0,50,Player A
161,Randy,324,44,368,0,44,Player A
162,Randy,296,51,347,0,51,Player A
163,Randy,316,46,362,0,46,Player A
164,Randy,324,44,368,0,44,Player A
165,Randy,288,53,341,0,53,Player A
166,Randy,324,44,368,0,44,Player A
167,Randy,296,51,347,0,51,Player A
168,Randy,324,44,368,0,44,Player A
169,Randy,316,46,362,0,46,Player A
170,Randy,260,60,320,0,60,Player A
171,Randy,268,58,326,0,58,Player A
172,Randy,296,51,347,0,51,Player A
173,Randy,328,43,371,0,43,Player A
174,Randy,288,53,341,0,53,Player A
175,Randy,304,49,353,0,49,Player A
176,Randy,296,51,347,0,51,Player A
177,Randy,304,49,353,0,49,Player A
178,Randy,272,57,329,0,57,Player A
179,Randy,292,52,344,0,52,Player A
180,Randy,308,48,356,0,48,Player A
181,Randy,328,43,371,0,43,Player A
182,Randy,328,43,371,0,43,Player A
183,Randy,332,42,374,0,42,Player A
184,Randy,276,56,332,0,56,Player A
185,Randy,268,58,326,0,58,Player A
186,Randy,308,48,356,0,48,Player A
187,Randy,292,52,344,0,52,Player A
188,Randy,292,52,344,0,52,Player A
189,Randy,292,52,344,0,52,Player A
190,Randy,272,57,329,0,57,Player A
191,Randy,316,46,362,0,46,Player A
192,Randy,328,43,371,0,43,Player A
193,Randy,284,54,338,0,54,Player A
194,Randy,308,48,356,0,48,Player A
195,Randy,308,48,356,0,48,Player A
196,Randy,300,50,350,0,50,Player A
197,Randy,316,46,362,0,46,Player A
198,Randy,292,52,344,0,52,Player A
199,Randy,316,46,362,0,46,Player A
200,Randy,300,50,350,0,50,Player A
201,Randy,304,49,353,0,49,Player A
202,Randy,336,41,377,0,41,Player A
203,Randy,316,46,362,0,46,Player A
204,Randy,292,52,344,0,52,Player A
205,Randy,280,55,335,0,55,Player A
206,Randy,272,57,329,0,57,Player A
207,Randy,284,54,338,0,54,Player A
208,Randy,280,55,335,0,55,Player A
209,Randy,288,53,341,0,53,Player A
210,Randy,288,53,341,0,53,Player A
211,Randy,272,57,329,0,57,Player A
212,Randy,304,49,353,0,49,Player A
213,Randy,292,52,344,0,52,Player A
214,Randy,260,60,320,0,60,Player A
215,Randy,292,52,344,0,52,Player A
216,Randy,284,54,338,0,54,Player A
217,Randy,328,43,371,0,43,Player A
218,Randy,316,46,362,0,46,Player A
219,Randy,264,59,323,0,59,Player A
220,Randy,324,44,368,0,44,Player A
221,Randy,284,54,338,0,54,Player A
222,Randy,284,54,338,0,54,Player A
223,Randy,276,56,332,0,56,Player A
224,Randy,304,49,353,0,49,Player A
225,Randy,304,49,353,0,49,Player A
226,Randy,316,46,362,0,46,Player A
227,Randy,308,48,356,0,48,Player A
228,Randy,316,46,362,0,46,Player A
229,Randy,328,43,371,0,43,Player A
230,Randy,264,59,323,0,59,Player A
231,Randy,316,46,362,0,46,Player A
232,Randy,276,56,332,0,56,Player A
233,Randy,304,49,353,0,49,Player A
234,Randy,272,57,329,0,57,Player A
235,Randy,296,51,347,0,51,Player A
236,Randy,232,67,299,0,67,Player A
237,Randy,300,50,350,0,50,Player A
238,Randy,268,58,326,0,58,Player A
239,Randy,288,53,341,0,53,Player A
240,Randy,340,40,380,0,40,Player A
241,Randy,300,50,350,0,50,Player A
242,Randy,280,55,335,0,55,Player A
243,Randy,308,48,356,0,48,Player A
244,Randy,324,44,368,0,44,Player A
245,Randy,296,51,347,0,51,Player A
246,Randy,256,61,317,0,61,Player A
247,Randy,280,55,335,0,55,Player A
248,Randy,300,50,350,0,50,Player A
249,Randy,288,53,341,0,53,Player A
250,Randy,316,46,362,0,46,Player A
251,Randy,324,44,368,0,44,Player A
252,Randy,304,49,353,0,49,Player A
253,Randy,356,36,392,0,36,Player A
254,Randy,280,55,335,0,55,Player A
255,Randy,276,56,332,0,56,Player A
256,Randy,308,48,356,0,48,Player A
257,Randy,324,44,368,0,44,Player A
258,Randy,308,48,356,0,48,Player A
259,Randy,340,40,380,0,40,Player A
260,Randy,300,50,350,0,50,Player A
261,Randy,264,59,323,0,59,Player A
262,Randy,292,52,344,0,52,Player A
263,Randy,316,46,362,0,46,Player A
264,Randy,264,59,323,0,59,Player A
265,Randy,312,47,359,0,47,Player A
266,Randy,308,48,356,0,48,Player A
267,Randy,244,64,308,0,64,Player A
268,Randy,352,37,389,0,37,Player A
269,Randy,312,47,359,0,47,Player A
270,Randy,284,54,338,0,54,Player A
271,Randy,344,39,383,0,39,Player A
272,Randy,308,48,356,0,48,Player A
273,Randy,288,53,341,0,53,Player A
274,Randy,260,60,320,0,60,Player A
275,Randy,296,51,347,0,51,Player A
276,Randy,288,53,341,0,53,Player A
277,Randy,304,49,353,0,49,Player A
278,Randy,328,43,371,0,43,Player A
279,Randy,292,52,344,0,52,Player A
280,Randy,320,45,365,0,45,Player A
281,Randy,312,47,359,0,47,Player A
282,Randy,316,46,362,0,46,Player A
283,Randy,316,46,362,0,46,Player A
284,Randy,336,41,377,0,41,Player A
285,Randy,284,54,338,0,54,Player A
286,Randy,320,45,365,0,45,Player A
287,Randy,272,57,329,0,57,Player A
288,Randy,316,46,362,0,46,Player A
289,Randy,312,47,359,0,47,Player A
290,Randy,296,51,347,0,51,Player A
291,Randy,296,51,347,0,51,Player A
292,Randy,308,48,356,0,48,Player A
293,Randy,308,48,356,0,48,Player A
294,Randy,268,58,326,0,58,Player A
295,Randy,272,57,329,0,57,Player A
296,Randy,292,52,344,0,52,Player A
297,Randy,292,52,344,0,52,Player A
298,Randy,276,56,332,0,56,Player A
299,Randy,300,50,350,0,50,Player A
300,Randy,316,46,362,0,46,Player A
301,Randy,288,53,341,0,53,Player A
302,Randy,292,52,344,0,52,Player A
303,Randy,300,50,350,0,50,Player A
304,Randy,304,49,353,0,49,Player A
305,Randy,328,43,371,0,43,Player A
306,Randy,292,52,344,0,52,Player A
307,Randy,300,50,350,0,50,Player A
308,Randy,328,43,371,0,43,Player A
309,Randy,300,50,350,0,50,Player A
310,Randy,300,50,350,0,50,Player A
311,Randy,288,53,341,0,53,Player A
312,Randy,292,52,344,0,52,Player A
313,Randy,304,49,353,0,49,Player A
314,Randy,300,50,350,0,50,Player A
315,Randy,304,49,353,0,49,Player A
316,Randy,292,52,344,0,52,Player A
317,Randy,348,38,386,0,38,Player A
318,Randy,284,54,338,0,54,Player A
319,Randy,308,48,356,0,48,Player A
320,Randy,280,55,335,0,55,Player A
321,Randy,288,53,341,0,53,Player A
322,Randy,320,45,365,0,45,Player A
323,Randy,336,41,377,0,41,Player A
324,Randy,292,52,344,0,52,Player A
325,Randy,284,54,338,0,54,Player A
326,Randy,296,51,347,0,51,Player A
327,Randy,316,46,362,0,46,Player A
328,Randy,288,53,341,0,53,Player A
329,Randy,264,59,323,0,59,Player A
330,Randy,272,57,329,0,57,Player A
331,Randy,324,44,368,0,44,Player A
332,Randy,288,53,341,0,53,Player A
333,Randy,284,54,338,0,54,Player A
334,Randy,296,51,347,0,51,Player A
335,Randy,300,50,350,0,50,Player A
336,Randy,348,38,386,0,38,Player A
337,Randy,296,51,347,0,51,Player A
338,Randy,328,43,371,0,43,Player A
339,Randy,288,53,341,0,53,Player A
340,Randy,284,54,338,0,54,Player A
341,Randy,312,47,359,0,47,Player A
342,Randy,320,45,365,0,45,Player A
343,Randy,292,52,344,0,52,Player A
344,Randy,328,43,371,0,43,Player A
345,Randy,296,51,347,0,51,Player A
346,Randy,316,46,362,0,46,Player A
347,Randy,296,51,347,0,51,Player A
348,Randy,328,43,371,0,43,Player A
349,Randy,312,47,359,0,47,Player A
350,Randy,296,51,347,0,51,Player A
351,Randy,316,46,362,0,46,Player A
352,Randy,284,54,338,0,54,Player A
353,Randy,260,60,320,0,60,Player A
354,Randy,304,49,353,0,49,Player A
355,Randy,300,50,350,0,50,Player A
356,Randy,288,53,341,0,53,Player A
357,Randy,332,42,374,0,42,Player A
358,Randy,308,48,356,0,48,Player A
359,Randy,292,52,344,0,52,Player A
360,Randy,300,50,350,0,50,Player A
361,Randy,308,48,356,0,48,Player A
362,Randy,284,54,338,0,54,Player A
363,Randy,272,57,329,0,57,Player A
364,Randy,280,55,335,0,55,Player A
365,Randy,296,51,347,0,51,Player A
366,Randy,300,50,350,0,50,Player A
367,Randy,324,44,368,0,44,Player A
368,Randy,268,58,326,0,58,Player A
369,Randy,272,57,329,0,57,Player A
370,Randy,300,50,350,0,50,Player A
371,Randy,280,55,335,0,55,Player A
372,Randy,284,54,338,0,54,Player A
373,Randy,284,54,338,0,54,Player A
374,Randy,276,56,332,0,56,Player A
375,Randy,288,53,341,0,53,Player A
376,Randy,340,40,380,0,40,Player A
377,Randy,296,51,347,0,51,Player A
378,Randy,308,48,356,0,48,Player A
379,Randy,336,41,377,0,41,Player A
380,Randy,308,48,356,0,48,Player A
381,Randy,324,44,368,0,44,Player A
382,Randy,308,48,356,0,48,Player A
383,Randy,288,53,341,0,53,Player A
384,Randy,284,54,338,0,54,Player A
385,Randy,276,56,332,0,56,Player A
386,Randy,300,50,350,0,50,Player A
387,Randy,336,41,377,0,41,Player A
388,Randy,320,45,365,0,45,Player A
389,Randy,304,49,353,0,49,Player A
390,Randy,320,45,365,0,45,Player A
391,Randy,300,50,350,0,50,Player A
392,Randy,296,51,347,0,51,Player A
393,Randy,312,47,359,0,47,Player A
394,Randy,288,53,341,0,53,Player A
395,Randy,292,52,344,0,52,Player A
396,Randy,316,46,362,0,46,Player A
397,Randy,284,54,338,0,54,Player A
398,Randy,300,50,350,0,50,Player A
399,Randy,276,56,332,0,56,Player A
400,Randy,308,48,356,0,48,Player A
401,Randy,300,50,350,0,50,Player A
402,Randy,320,45,365,0,45,Player A
403,Randy,304,49,353,0,49,Player A
404,Randy,284,54,338,0,54,Player A
405,Randy,296,51,347,0,51,Player A
406,Randy,320,45,365,0,45,Player A
407,Randy,304,49,353,0,49,Player A
408,Randy,304,49,353,0,49,Player A
409,Randy,324,44,368,0,44,Player A
410,Randy,280,55,335,0,55,Player A
411,Randy,252,62,314,0,62,Player A
412,Randy,264,59,323,0,59,Player A
413,Randy,316,46,362,0,46,Player A
414,Randy,320,45,365,0,45,Player A
415,Randy,268,58,326,0,58,Player A
416,Randy,304,49,353,0,49,Player A
417,Randy,288,53,341,0,53,Player A
418,Randy,264,59,323,0,59,Player A
419,Randy,296,51,347,0,51,Player A
420,Randy,272,57,329,0,57,Player A
421,Randy,320,45,365,0,45,Player A
422,Randy,304,49,353,0,49,Player A
423,Randy,244,64,308,0,64,Player A
424,Randy,300,50,350,0,50,Player A
425,Randy,296,51,347,0,51,Player A
426,Randy,256,61,317,0,61,Player A
427,Randy,292,52,344,0,52,Player A
428,Randy,288,53,341,0,53,Player A
429,Randy,276,56,332,0,56,Player A
430,Randy,300,50,350,0,50,Player A
431,Randy,292,52,344,0,52,Player A
432,Randy,248,63,311,0,63,Player A
433,Randy,292,52,344,0,52,Player A
434,Randy,300,50,350,0,50,Player A
435,Randy,292,52,344,0,52,Player A
436,Randy,328,43,371,0,43,Player A
437,Randy,320,45,365,0,45,Player A
438,Randy,336,41,377,0,41,Player A
439,Randy,284,54,338,0,54,Player A
440,Randy,264,59,323,0,59,Player A
441,Randy,308,48,356,0,48,Player A
442,Randy,312,47,359,0,47,Player A
443,Randy,272,57,329,0,57,Player A
444,Randy,316,46,362,0,46,Player A
445,Randy,320,45,365,0,45,Player A
446,Randy,316,46,362,0,46,Player A
447,Randy,252,62,314,0,62,Player A
448,Randy,280,55,335,0,55,Player A
449,Randy,276,56,332,0,56,Player A
450,Randy,296,51,347,0,51,Player A
451,Randy,276,56,332,0,56,Player A
452,Randy,288,53,341,0,53,Player A
453,Randy,300,50,350,0,50,Player A
454,Randy,288,53,341,0,53,Player A
455,Randy,288,53,341,0,53,Player A
456,Randy,308,48,356,0,48,Player A
457,Randy,324,44,368,0,44,Player A
458,Randy,264,59,323,0,59,Player A
459,Randy,280,55,335,0,55,Player A
460,Randy,300,50,350,0,50,Player A
461,Randy,292,52,344,0,52,Player A
462,Randy,296,51,347,0,51,Player A
463,Randy,296,51,347,0,51,Player A
464,Randy,300,50,350,0,50,Player A
465,Randy,312,47,359,0,47,Player A
466,Randy,308,48,356,0,48,Player A
467,Randy,272,57,329,0,57,Player A
468,Randy,296,51,347,0,51,Player A
469,Randy,324,44,368,0,44,Player A
470,Randy,316,46,362,0,46,Player A
471,Randy,336,41,377,0,41,Player A
472,Randy,312,47,359,0,47,Player A
473,Randy,288,53,341,0,53,Player A
474,Randy,308,48,356,0,48,Player A
475,Randy,276,56,332,0,56,Player A
476,Randy,296,51,347,0,51,Player A
477,Randy,268,58,326,0,58,Player A
478,Randy,304,49,353,0,49,Player A
479,Randy,276,56,332,0,56,Player A
480,Randy,296,51,347,0,51,Player A
481,Randy,308,48,356,0,48,Player A
482,Randy,304,49,353,0,49,Player A
483,Randy,300,50,350,0,50,Player A
484,Randy,260,60,320,0,60,Player A
485,Randy,292,52,344,0,52,Player A
486,Randy,276,56,332,0,56,Player A
487,Randy,336,41,377,0,41,Player A
488,Randy,284,54,338,0,54,Player A
489,Randy,300,50,350,0,50,Player A
490,Randy,288,53,341,0,53,Player A
491,Randy,296,51,347,0,51,Player A
492,Randy,304,49,353,0,49,Player A
493,Randy,304,49,353,0,49,Player A
494,Randy,288,53,341,0,53,Player A
495,Randy,332,42,374,0,42,Player A
496,Randy,304,49,353,0,49,Player A
497,Randy,248,63,311,0,63,Player A
498,Randy,280,55,335,0,55,Player A
499,Randy,296,51,347,0,51,Player A
500,Randy,328,43,371,0,43,Player A
501,Randy,332,42,374,0,42,Player A
502,Randy,304,49,353,0,49,Player A
503,Randy,296,51,347,0,51,Player A
504,Randy,280,55,335,0,55,Player A
505,Randy,296,51,347,0,51,Player A
506,Randy,308,48,356,0,48,Player A
507,Randy,272,57,329,0,57,Player A
508,Randy,304,49,353,0,49,Player A
509,Randy,296,51,347,0,51,Player A
510,Randy,292,52,344,0,52,Player A
511,Randy,264,59,323,0,59,Player A
512,Randy,288,53,341,0,53,Player A
513,Randy,272,57,329,0,57,Player A
514,Randy,300,50,350,0,50,Player A
515,Randy,292,52,344,0,52,Player A
516,Randy,304,49,353,0,49,Player A
517,Randy,308,48,356,0,48,Player A
518,Randy,308,48,356,0,48,Player A
519,Randy,284,54,338,0,54,Player A
520,Randy,308,48,356,0,48,Player A
521,Randy,288,53,341,0,53,Player A
522,Randy,296,51,347,0,51,Player A
523,Randy,288,53,341,0,53,Player A
524,Randy,304,49,353,0,49,Player A
525,Randy,316,46,362,0,46,Player A
526,Randy,280,55,335,0,55,Player A
527,Randy,372,32,404,0,32,Player A
528,Randy,308,48,356,0,48,Player A
529,Randy,316,46,362,0,46,Player A
530,Randy,300,50,350,0,50,Player A
531,Randy,300,50,350,0,50,Player A
532,Randy,276,56,332,0,56,Player A
533,Randy,268,58,326,0,58,Player A
